"Value"
-0.0138531089746765
0.0108946519755619
0.00118443330259677
-0.000169118890982922
0.00413520147048718
-0.00362793057695843
0.0124319114776688
0.000834445976321874
0.00241596318621973
-0.0207666464813929
-0.0044274231538779
-0.0263707841619487
-0.00588728030566443
0.0130457569678715
-0.000687431773364722
0.00538237793562146
0.0116118730518409
-0.0119669113520793
0.0119669113520793
-0.00488998529419149
-0.0185753105821131
0.0104585230787047
-0.0190815417539003
0.00581550674161146
-0.00158269618899087
0.00692772534363595
-0.0234306284880708
0.0205426030264775
-0.000525992823558141
0.00829590401610147
0.00736476057683344
0.0151641372255389
-0.00596965784421766
0.00783849970652106
-0.00775296748220367
0.00817721762644918
0.00651082501227851
-0.00549335841610787
0.0063442394662605
-0.00888984966569417
0.00305395554631183
-0.00228959184184951
-0.010411427038953
0.00649852650379223
-0.00959157820075074
-0.00560902363674742
0.0163931062377598
0.00187106705377627
-0.00170082531008919
0.0020406435106235
0.00330718978561695
-0.00636971876368975
-0.0125173102113783
0.0110678492422585
-0.00299937417498164
-0.00600004375151286
0.00292297319526735
-0.00507768206597881
-0.0435579743391301
-0.00932597641580379
0.000272863706272553
-0.00510577330916462
0.00918981946316499
-0.003356773394672
-0.00382409643840287
0.0234413907048552
-0.0019623590277309
-0.00582047759171811
0.000179597701632339
-0.0205014437380022
-0.0289174535549401
-0.00529702335786997
0.00633422113130244
0.00554486642220819
0.000936768218386952
-0.013859647677644
0.00436717079484605
-0.0016177023645092
-0.00684023187653615
-0.0342303260079433
0.0129375518158961
0.011415748564283
0.0130179409782336
-0.00466734190137874
0.012618164666037
-0.0047250135157757
-0.00654786588528289
0.00237130547141895
0.0040818320473841
-0.000284238952124483
0.00293324712370158
-0.0127414484018349
-0.00268302192379721
0.0227670619135472
0.00262270663638464
-0.00412449028638839
-0.0156201405625254
0.00238242834372926
0.00332589274128203
0.00737243414865674
0.0068509488549644
9.3523497846526e-05
-0.0115695218923735
0.0113824661492163
-0.00496976971123697
0.0201933070101301
0.00542056543378511
-0.0021096086704917
-0.0217198068547297
0.0220870151577639
-0.0112609644845278
0.0150170955095934
0.00565333866397388
0.00732896032679076
0.015770075946282
0.0220561640824064
-0.00374418130822907
0.00452607613977563
-0.00898509992139473
-0.000701262300827565
-0.0114649813910424
0.0178458430391473
-0.00287945751066676
0.019992793640907
0.018323442626671
0.00970800159313878
-0.00191738627371763
-0.000667779657535839
-0.00813251180992491
0.00453553608011603
0.0119951459057193
-0.0140084005073788
0.0140084005073788
0.00931312619994262
-0.011136431860046
0.00298186255897548
-0.00323075292405495
-0.024951939276022
-0.0181128605204632
0.0132520655492643
-0.0103975157972425
0.000777101450840867
0.00850849531638875
0.00826697510867458
-0.00544682197689905
-0.00857050155225547
0.00266471984729844
0.00496661407989585
0.0211299274399073
-0.006208073629554
