"Value"
-0.0214293914558992
-0.0114109121970074
0.0036448881800073
-0.0125524660711198
-0.0320883145515003
-0.0524381142034835
0.0119557359201483
-0.00340136382348977
0
0.00283527266769923
-0.010817071029849
-0.00862322101167656
0.000577200593226301
-0.00288934035160526
0.0017346058122083
-0.00753845263200859
-0.0241543407209921
-0.0284264680224009
0.00367422336188472
-0.00183542419222782
-0.00737557123478894
-0.0351574187614223
-0.0167529691353741
0.0199427645034742
-0.0290812093008417
0.00196528068495372
0.0810490477000974
0.00481638498798098
0.0184474139373041
-0.0106699293246963
-0.0370300274500446
-0.0193574573823136
0.0224448324805646
-0.016159456665604
0.0186225120980019
0.0350489046945164
0.00118694375952799
0.0292247566584951
0.0182653479772936
0.0184931019783665
-0.00948403203600101
0.0221738574943222
0.0297078287791885
0.00530786808804429
-0.000529520796063387
-0.0284735862167755
-0.0076586807610628
-0.00440286897275666
0.0229017642866847
0.0149815536156161
-0.0139039673044463
0
-0.021775492956535
0.011491234519462
0.011360684805811
0.0181241634878795
0.0131201042340603
0.00830742056985656
-0.0088289329675959
0.0873590821391694
0.0212824301343337
0.0167057249372826
-0.0185792617850797
0.00467727700222653
0.00651165091557981
0.00831029713362774
-0.00184077364449209
0.00505399651472427
-0.0658225715753948
-0.0636578517719775
0.00260484648459336
0.0312445389895588
0.0194762710606202
-0.0260535778483826
-0.00559940378749335
-0.0242843243331938
-0.0243527122040579
0.0233061396333865
0.00417973440270814
-0.0274858740360946
0.00481155699722269
0.0111377444104557
-0.00528821962156467
0.00897340410274694
-0.0105653386389974
-0.00479106585878419
-0.00481413072045189
-0.0360300981273829
-0.0083729208105785
0.0216254615387088
-0.000548696858759357
0.0617217146308073
-0.0298529631496809
0.0329441557193535
0.00768643292415661
-0.0102617627018891
0.00668211173038635
0.0620700569030745
0.00336457899714482
0.0119247776055174
0.0136569111062164
-0.0284649199258187
0.013859242145017
-0.0416726964005685
-0.0601608501074713
-0.0374776194564443
0.00435493339337256
0.0108050754091735
-0.0266827700393266
-0.0217581805287166
0.0173333945483609
0.00937937910503894
0.00383667228648754
0.00109349382137136
-0.00933303508061556
-0.0234385729720179
-0.022845082606624
0.0279140881099211
-0.0313863138206703
-0.0318048008700664
-0.0162899529792684
0.00666871219503751
-0.0164487412486771
-0.0192253983474737
-0.0189639058589912
0.00889459485345112
-0.0172253062818792
0.0556915871096755
-0.0327898228229913
0.00501883111194257
-0.0221457959047431
-0.0431439460018481
0.013930573535947
-0.0213057326778707
-0.035620204118139
-0.0268567378372477
-0.0137037845936629
0.100774854166507
0.0392712194792093
-0.0107903300183501
-0.00576001592532727
0.0108523248290395
-0.0454623740767572
0.0118891757121857
-0.0158838547925639
-0.0215787199596162
-0.0144183754242713
0.0353297613584544
0.039913704980612
-0.0306113123182983
