"Value"
0.0251888987260522
0.00685656694629699
0.014092091241833
-0.091947092945476
-0.0291128789528421
-0.00204948102773139
0.0061358848461226
0.0101435444427405
0.00172860890061743
0.0250155170485571
0.00252348374484113
0.0105850570483406
0.0351199833727192
-0.000802890448590166
-0.021378164992877
-0.00411128439860731
0.0179645549752987
-0.00351304239154704
0.0110379368077327
-0.0249403005583542
0.00983345809621072
0.0177806408465453
-0.0389323702154183
-0.0341696379244625
-0.00345324084168919
-0.00694246352199057
0.0103957043636798
-0.0025888120311981
0.00115141060504209
-0.0855478601070394
-0.00313873452909919
-0.0155238346384503
0.000319233841497901
-0.0096216265038116
-0.000644745347931241
0.00225479238708903
-0.00257732101430053
0.0109080324427286
0.0242722711735479
0.0300636138320982
-0.027264669383158
0.0323890212144184
0.00180234353386055
0.00538762153237871
0.00743497848751806
0.0211089632102355
0.00636208045288411
-0.021562606976953
-0.0202327639743198
-0.0467633646916847
-0.0268129691946757
-0.00453956681007472
-0.00325521120779015
-0.0187598063713299
-0.00867539641927006
-0.0158760301250314
-0.00136286222116944
-0.0182354958474593
0.00623054975063608
-0.0212736880717763
0.0229975292157785
-0.015622605534817
-0.0151598179160222
-0.0251811866301597
-0.00951690931116023
0.00769375474964518
0.0148526548518491
-0.00794228001667863
-0.0160763418492507
0.00257495084337567
-0.0103398262411019
0.00185425604769529
-0.00706453951310237
0.0159174191688574
-0.0249129820774354
-0.0083176282930979
-0.0288870461434376
0.033054508132611
0.0290631483813599
-0.0279295756168607
-0.0240791301143695
-0.0108908116513429
-0.0129897516300828
0.0168929572100365
-0.0260472499935211
-0.00400641561543891
-0.00725224774076416
0.0341845686383726
0.0506678546048298
0.0176735086174973
0.0435627607342806
0.0169759836292269
-0.0103592086610949
0.0189106546498778
-0.0449318133725241
0.0099256397999703
0.00738010729762228
0.0156334606619293
0.0224958361694174
-0.0290668437313539
-0.0242329680696107
0.0176184966082582
-0.0183297341915831
0.0335813296523439
0.080280831260803
0.00506650862127866
-0.0233274677558879
0.0169903109331533
0.00253968390476089
-0.00158654642195932
0.00633113858989631
-0.0114250687387289
0.0205346024417077
-0.00125156461894171
0.00686430152389894
-0.0125158079318304
0.000314811902489609
-0.00504892205389806
0.0678744565650904
0.0199011543172949
-0.0128319054370367
0.00614486205670373
0.0256313527563123
-0.00742012536894654
0.0237769480230718
-0.0275077602138794
-0.0112766844819623
0.0195802397079117
0.0421555788106329
0.000819784169425297
0.0132955424812446
0.00322928160071534
-0.00188248005033653
-0.0245243898630845
-0.0626093487051627
0.0142880401230117
0.0132299887708811
0.016435620748275
0.00056195562029604
0.0260619130918758
0.00382409643840331
0.0202408745280738
0.00904261480802759
0.0141958219881926
-0.00838799151302361
0.0146331328098039
0.0880916406789978
-0.00954661188358008
0.0381132933280339
-0.00393200460335308
