"Value"
-0.0195318709172461
0.014684551682921
-0.0186371259987443
0
-0.0149628726767124
0.00200803280324546
0.007992050531338
0.0390293439057352
0.0217708551212286
-0.0141445073861646
-0.0211140281170157
-0.0245471333572751
0.0399468602108519
-0.00574714225556772
-0.0193992504503036
0.00780491766938418
0.0287376097673571
-0.0219579227819779
0.00192864090640521
-0.00579711768432567
-0.0314986670593709
0.00199800266267314
-0.000998502329589535
-0.000999500333083603
0.00299550897979817
0.00794443105853571
-0.0230125212726033
-0.0163268932874288
0.0253949655013992
0.0555969591394696
-0.0240049932672584
-0.00389484426154096
-0.0127640417250978
0.0292133724659016
0.0208934475882772
0.000939408241936057
0.00748366448717297
0.00464900883824404
-0.010256500167189
-0.0170136429054564
0
0.0198213190596546
-0.00374532273016204
-0.0256546136265623
-0.00772950708226761
-0.0295297047017389
0.00994043970525027
-0.00198019866686217
-0.00696173870879857
-0.00500251168297217
-0.0253949655013992
-0.00309119256967305
0.00411947029523896
0
-0.0103306703878796
-0.00834207131739495
-0.00841224729465218
0.00210970542384992
0.0146446131881972
-0.0295068825094384
-0.0150864930333801
-0.0164207302123276
0.0304371321858632
-0.0293339881137058
-0.0567045315173567
0.0377835441284056
0.0111733005981254
-0.0179377006866677
0.00225988796743781
0.0167883070032566
0.0241239768945145
0.00647950431098643
0.0296946526391157
-0.00209205097222398
0.0104167608582557
0.00103573287353198
-0.00518942524222554
0.0062240864830021
-0.00726521099141264
0.00208116620382448
-0.00835077921742
0.00731073752200606
-0.00312663099943178
0
-0.0558084719278815
0.0175059175136147
0.00540834200926099
-0.0362477903923408
0.00223463780141619
-0.00559598550412099
0.013378125946176
0.0326826474303585
-0.0032206147000422
-0.00539084863487682
0
0.0256150610975032
0.0473339385486646
-0.00402820282860494
0.0209693155174229
0.00983292091623911
0.0107056983559888
-0.00972770316801208
-0.00686613781319911
-0.00493340911795626
0.0029629651306573
0.0453089544628549
-0.00377715274374557
0.0112889251548074
0.0018691594227036
-0.0207554620514516
0.0151374697472284
0.00748366448717297
0.0111215233438613
0.00826071700736675
-0.0119541653427184
-0.0551470516875816
-0.023739987303073
0.0392592124506739
-0.0184560848209108
-0.0298529631496809
0.0170259495899265
-0.0322934217207149
-0.0270286723879192
0.0229176696813966
-0.0420671910142576
0.0306740071848148
0.0267230701407533
0.0100909029819629
0.0129677627690108
0.00592887112227869
0.0224071722499462
0.0124463071511172
-0.040782350523342
0.0321822019597033
0.00287494208559913
-0.00287494208559913
0.0133462419528945
0.0252467827347838
0
-0.0176995770994011
0.0130720815673531
-0.0206192872027358
-0.00284495213223135
0.00189753377619128
0.00189393996007103
0.00566039247171046
-0.0151661674714116
0.028250466285852
0.00740058881817118
0.0218787213758072
