"Value"
0.0161231899602488
0.0225913222204417
-0.0180320438059232
0.0165417305643643
-0.00298730617973542
0.000747663586230463
-0.00374392050946515
-0.0452704840466001
0.0132555547145339
-0.00933858926779996
-0.0205378466827741
0.00794916745442276
-0.0281030136434035
0.00568414035498988
-0.00976411337490513
-0.0198189806596583
0.0132562007471346
-0.00164744683059848
-0.0149504445784392
-0.00167504226769477
-0.00926322413187286
0.0134455807093512
-0.0253606152872221
-0.0225117731722171
0.0478723884594392
0.0352640065292125
-0.034429630177093
-0.0202197284492547
0.0193853520971352
0.0157353143121326
-0.00329218404347698
-0.00165016539095797
0.02285813807605
0.0348964829864942
0.0015576327136837
0.0154443224274736
0.0390733400780752
-0.0360128939249691
0.0234061270350572
-0.0333870160327372
-0.00154440185137394
0.0107610569562984
0.00152788417805283
-0.0146100253485546
-0.0195547881425209
0.0117786991926128
-0.0236977914298233
-0.0177424009008762
-0.0106340470399227
-0.00908721660135692
0.00496689762833702
0.00494234943443495
-0.000822030461415046
0.0122600636583412
-0.00162601661841855
0.0145398361140017
0.00240288461631044
-0.010454457903859
0.0333894291863546
0.0101128827637047
-0.00387747674642069
-0.0101523714640179
-0.0310905870700311
0.0168610979660664
0.00317965291737998
-0.00716848947861282
-0.0185564017598234
-0.00244598572826016
-0.0289875368732524
0.00502934840500169
0.00500418058457619
0
0.00249273082960233
0.00165837517277634
0.0350056091988153
-0.012882625831014
0.0232289178851581
-0.000792079249332556
0.0141623138125042
0.0254545173891332
-0.0107198576321963
0.00613969695362249
0.0144324571215857
-0.0267497798991654
-0.0195547881425209
0.00236686501026595
-0.0369223320272152
-0.0737935364060758
-0.00176211499339951
-0.0151046852184966
0.0420745669306006
-0.00516352266004949
-0.00259179410742894
-0.0370086287450935
0.00804653425121415
-0.0216030003348222
0.0144537294905982
0.0265502320941207
0.0241599326651354
0.0177444452990723
0.020721835528724
-0.0182124239232984
-0.00838931094830553
-0.00676249407229701
-0.161671112575435
0.00992071628674784
-0.0361848522059005
0.0122076795799293
0.0279180644258479
-0.0279180644258479
-0.0224958361694174
-0.0103951040003403
-0.0168602518675747
-0.0128344007715411
0.0202457634411832
0.0115365726284162
-0.00208768343048371
-0.0372581678963604
0.00108401094625821
0.0393040499590298
-0.0168071183163812
0.0414997309067529
0.0211169234409225
-0.0231515121387105
0.00811363477416993
-0.0173208609426307
-0.00205761389468018
-0.0208124057459345
-0.0277203250329654
0.015021741695838
-0.00320000273067089
-0.00321027563024812
-0.073366224066802
0.0160186491556376
-0.0417209985790055
0.0210780637262542
0.0486246149595511
0.0109770586311511
0.00977737283829461
-0.0352071566359258
0.114168198438722
0.0197830388494444
-0.00984259914419416
-0.0486418072223458
0.00207468954086076
0.00516797015844217
-0.0261111440036856
0.0635459652248196
0.0484590931516755
0.00941626543151575
