"Value"
0.0127677288300014
0.0210456355357769
-0.0349477944363903
-0.0305411233805337
0.0282683951295315
-0.0026580611814766
0.0242288122017413
0.00665806047516337
-0.0169164736667007
-0.00168871416433358
0.0215501559082991
-0.00220791258047415
-0.00369072203402387
-0.0128385799171866
0.0152390981043702
-0.0105683749938117
0.00372093452569011
-0.0014867127808107
-0.00391316999861502
-0.0222776817434061
0.0295328526245777
-0.0158807634562503
0.0138397570885793
0.000742666205690856
-0.0142058463739851
-0.00661065775060177
-0.00665464952231609
-0.00114525685356126
0.0267587097990196
0.0280520731658678
0.016140953007397
-0.014695604968971
0.00755399275532964
0
0.0133489567879752
-0.0126324960731079
0.0050009034388987
0.0228963859220968
-0.00909574226117238
0.0115305260726855
-0.00400313823249432
0.0012200437243215
-0.0340156798417355
-0.0167185431396693
0.00693939965148971
0.0174984170759247
-0.0060986736111972
-0.0152287207018245
0.0074620420869782
-0.00673158186457945
0.014138354051211
0.0208396534523327
0.00228893488437798
-0.0104305727776661
-0.00677606016358068
-0.00862539040234855
0.00324324608611981
-0.0154086253528449
0.00437477912456652
-0.00968663335813025
0.0494458589014677
-0.00367744044588703
0.00070150827149007
0.00419874654634977
-0.0038481768670362
-0.00668193096287428
-0.00477496707059499
0.000531679232728788
0.00389036741775728
0.00528077270134997
0.000526546743187861
0.0270052761968178
-0.00513699759791608
0.00376970974176905
-0.00824322029922975
0.00773000499414911
0.0194871878763889
0.0205953135737267
-0.014572206859091
0.000667000191478806
-0.000833819776485001
0.00100050033358379
0.00183165482896985
0.00663242358315941
0.0111751368402193
-0.00721669525379154
-0.00379319330050265
-0.00347596145725992
-0.00498671246147353
-0.00635241186640734
0.00551887009938268
-0.0159707521653196
-0.00680159058073926
0.0229391066920801
0.000166736140444712
-0.00216974131688064
0.0127834396256747
-0.0178085758283477
0.001677852742616
-0.00251783599234123
-0.02191915126794
0.0244369872602812
-0.00134205690332934
0.00569134445523733
-0.0139509784326544
-0.0179323394606619
0.00857932510061232
-0.00651356433845596
-0.00724890989183136
-0.00660412549746248
-0.010164826392745
-0.0120504736623892
-0.0105745227678566
-0.0112340373347593
0.0146516141839474
0.000718003979867987
-0.00341511970279162
0.00985406164159208
-0.0208978961657165
-0.0170756007902546
-0.0166188121299666
-0.0174743287789858
-0.0162259692807547
-0.0210575526525205
-0.0366623338647623
-0.0376292424389293
0.0222443235994501
0.00397282278938871
-0.0937879666716759
0.0739769920952487
0.0542688545001151
-0.0123746380803986
0.00569918090538835
-0.0124580392004949
-0.0251808122994399
0.000632044685530353
-0.0277617658151179
0.010769003492006
-0.0364311201135141
0.0114867620418497
0.00896474791426138
-0.0135877611011468
0.0205292206434877
0.0406663403834324
-0.0114811823739567
0.0332434865034839
-0.0100011038723964
0.00572715821928549
-0.00265495918231551
-0.0115180212054895
