"Value"
0.0312770217594767
-0.0100593684945922
-0.00780646039394339
0.0232389035390654
0.032395810539636
0.023444324684581
-0.00872733827642058
0.00582668023025779
-0.0131580999675456
0.0153355413370764
-0.00435963433818909
0.0385509990864685
-0.011977324994914
0.0154714933842026
0.0172966012797851
-0.00826672285372521
0.00276243880075455
0.0184505707382474
0.015453187836421
0.0165282527703323
-0.00922273648984451
-0.0200541694546881
0.0160753801433864
0.0268791150878798
0.00387347159579665
0.00961752055298648
0.0252061487968094
0.0197172324453905
-0.00489298091107315
-0.00122699522338143
0.00733948967048548
0.000610173937992453
0.00364742045704336
-0.00182301991479461
-0.0134641088692291
-0.00866342909996787
-0.00873914050177982
-0.00755196294224714
0.016291103444027
-0.0169220042578262
0.00818286375604638
0.00125313425234275
0.00872824366854985
0.00742119168085509
0.0146791770285088
-0.0116022121514163
0.0091705976459453
-0.0240243507964299
0.0117767882733921
-0.0142716734575208
0.0185744223808246
0.00550727192965317
0.0388912269148753
0.0110894784613884
-0.0246781263208478
0.0112384660958282
-0.0154123082310091
-0.00059659483802843
0.0017925364214717
-0.0192777054259032
-0.0196586376631847
-0.0162585357581473
-0.00759700625636039
0.00380673008257926
0.0219091189231797
0.00247372046859384
0.00983413932481714
-0.0110702346476894
-0.0124457237539253
0.0130649512824488
0.00246913705692142
0.0067578785028326
0.0331246662413172
0.0245789080723164
0.00173167896888327
-0.00231080616824464
0.0057670339923912
-0.00172569906455911
0.0108843289983436
0.0158284962801054
-0.00393279694662896
-0.0302976156375014
0.0115408196474411
0.0170652760864778
-0.00452234079712754
0.02240992148859
0.00882521674911541
-0.0154956198435507
0.0182384799093538
0.0125163048992243
0.00431733369345766
0.00107642729569379
0.019180146145704
-0.00688295304366848
0.0015919309300596
-0.0383926204003027
0.00714004994994122
0.022728270757407
-0.00590375429215317
-0.00431327901790679
-0.00759808981284316
0.030045230018942
0.0193681251816074
-0.0130456487824469
0.0062827537056438
0.0394022290193647
-0.025921868551368
-0.00361187026111498
0
0.0123268226108157
0
0.0252029671975191
0.00743946200886603
0.0147118021441988
-0.000974185716301701
0.0335456723386756
-0.0061458973488322
0.0422442175213109
0.00317604194404897
-0.000452481477008604
-0.0136940624269313
-0.0134160847339095
-0.0545590260388344
0.000983285021827651
0.00392350001969843
-0.00490678504152608
-0.0380998767959557
0.0410468360579488
-0.00985716003476256
-0.0240613304592872
-0.0504650325833484
0.0346111397731099
0.0536882014578506
-0.0157561236935249
0.00148852057775128
0.0147552227446233
0.0293509981669189
-0.0201156362123265
-0.0354542582941404
0.00798806682963837
0.0216437541929562
-0.00487806226071585
0.011667618344291
0.00818219709830847
0.0306852839042713
0.0184252239076659
0.00953830665152289
-0.0242512265558701
-0.0310467314379284
-0.108390298224561
