"Value"
-0.0106383982050557
0.00236417079601914
-0.0146245228276536
0.00663396356277968
-0.0100120448265537
-0.0049096282507195
-0.0067340321813445
-0.00986835223152482
-0.016050236786155
-0.00994200988187011
-0.00702809433659102
-0.0051855110775092
-0.00882986985429657
-0.00861991737109769
0.0156521614988714
-0.0202800139543324
0.00328027308125467
0.00355752502500906
0.00459638844270049
-0.00344530917891284
-0.00740922321412452
0.00836744482826379
0.0146418284122891
-0.00738919618237066
-0.00457448620067424
0.00599973229684547
0.00416904147526775
0.00687870792391543
-0.00187987648180155
-0.00490428220552896
0.00518648906502861
-0.00935513555653955
0.0230866109450867
-0.000371160809679694
-0.00679799610069853
-0.00948230359815216
0.0036721476225372
-0.00603320080416747
0.0056571902714424
-0.0214775907538955
-0.0133451356792724
0.000194685097470781
0.013534622695631
-0.00829240119636587
0.0196545323100636
0.013297692057348
0.0167227977294608
0.00935357575961859
-0.0059504913072832
0.00731866774180467
-0.00383562114081748
-0.015398395627308
0.00130002804083507
0.00352015185174981
-0.00268531111869308
-0.00651165091557981
-0.00646039417497413
-0.0102913621331755
-0.00161466530782661
0.00964911469064322
0.00300808649460027
0.000469197212192185
-0.00366558989320698
-0.0102215540715376
0.0159490003653033
-0.000561902992870067
-0.00281426076924518
-0.0076383039105572
-0.000568128033461512
-0.00569910357131675
-0.00506136782157807
0.000765623542040572
-0.0111593269642221
0.0160264454141474
0.00569585743439038
-0.00541029272824733
0.00501737192513652
0.00322872949055952
0.00405068614719362
-0.00150531593012548
0.00432169030394292
0.00159243160436873
0.0100578236577409
-0.00790738572932259
-0.0133510821081124
0.00179677574463444
-0.000283486890629625
-0.00711341739025517
-0.00745202646051446
0.00707121914441178
0.00881647650459527
-0.00463555061198484
-0.00465713905461662
-0.00765041505134878
-0.0024028076340139
0.00652217926847865
0.00904122266350704
0.0180269645587323
0.00695445336152734
-0.00425966011248047
-0.00139295188980793
0.00722225361535767
0.00515322756297021
0.0319752674141061
0.00416944494019678
0.00115018813830403
-0.00345454083750507
-0.00444642795713435
0.0098444323038791
0.00361186139032377
0.0142316978369639
-0.0137042252972615
-0.0117580809171764
-0.00740843304503791
-0.00881855800378428
0.00675586950059515
-0.00116775220995091
-0.00279015526854387
-0.00216547950722745
-0.0403667042083811
-0.0203313102389027
0.0122103968644307
0.00520120327113727
-0.00151028912981843
-0.00720518854693619
-0.000571047888364262
-0.000857183727899447
0.00598491312882832
-0.000568450986411229
0.00387799019934576
0.00976992270963528
-0.00939238613129501
-0.00596282113150171
-0.0121294644054748
0.00268688387344174
0.00706649235429513
0.00824453852636342
-0.0071033115836725
0.00398406901487469
0.0072631550724731
0.00487531436317479
-0.00713350124676637
-0.00614165486995155
0.0124330508037955
-0.00365733984830818
0.00131443075914817
0.0135130894602575
0
-0.00519722747583184
-0.00298201693347622
