"Value"
-0.0126390874060087
-0.0101389451309508
-0.0120349123633714
0.00313409703596523
0.00534999046918649
0.0088535328205257
0.00615116174995389
0.0208069925059613
0.0320837987473146
-0.0252432419320483
-0.00127904515411981
-0.0219978678389987
-0.0216010162153175
-0.00178412179350129
-0.00761823088488889
-0.0190741477625682
0.0127564372184885
-0.00635787791084574
-0.00182398591380473
-0.0212185082333498
-0.0140847398817385
-0.0504227017077268
0.00940368226318089
0.035329103666867
-0.0148505723233257
0.00241022049673845
0.00815156755436952
0.0057143012634393
0.0234642393349667
0.0404508681474667
-0.0089486055760144
-0.00993684779799686
0.00858762339723196
-0.0218389025184207
-0.0260965415198031
0.0126673052007655
0.0221309170557715
0.0243255237674402
-0.0116384482909018
-0.0209288803716428
-0.0279738520424058
-0.00950125912414013
-0.00382592527903736
-0.0237586932945311
0.0189556100934425
-0.0140608377167144
-0.0137661957641475
-0.02455648324253
-0.0127650444067697
0.0318611020689836
-0.00399003023120059
0.0232166515756642
0.0183846494013196
0.00143712599584855
-0.0193336133176665
0.0183757588383013
-0.0110817804757479
-0.0136587489310394
-0.0248645330652959
-0.00961302621605853
0.00557669379359815
0.0269342965157149
0.0122280809545847
-0.00438490349355902
0.0121331262763817
-0.00726219604178535
0.0038797332855891
0.0163229740319304
-0.0187460428210553
-0.0265502320941202
0.00149365225678277
0.0216543894353824
-0.00929329261180811
-0.000491521268190631
-0.0223722977545329
-0.010106200214846
0.0221003470006655
0.0157716428371106
-0.00195790566705778
-0.010837544497007
-0.00397022854018569
0.053726929401277
0.0446976037586655
-0.0104191203031725
0.00136518792533913
-0.0281318989697699
0.0208292649649531
-0.0087417165835717
-0.000924641767219292
-0.0248198177203784
-0.00475286065814196
0.00332937287328861
-0.00810493113735511
0.0283171350859446
-0.0589392118338825
-0.030062384101516
-0.0122826518558421
-0.00361104338738816
-0.0114346360236288
-0.0152755143039451
0.0323788076096427
-0.0025726795769403
0.018882929013647
0.0224953249850879
0
0.0142333691229153
0.0235984945543395
-0.0153480230994569
0.00962008381102297
0.0348106643964927
-0.0158437610595792
-0.000939849693242678
0.00889310799040643
0.0334509997419508
-0.0204878552514396
-0.00230255685428027
-0.00230787086050199
0.0187691479145737
-0.00272479732618525
0.0273621017115708
-0.0205639789977496
-0.0209957507090452
-0.0106655311974198
-0.000932835888540318
-0.0074941802733397
-0.00849863472146239
-0.00570614957685489
0.0230978922887237
0.0243970673641174
-0.00455789303189746
-0.00641615400007911
0.00275482267884453
-0.0203805108824815
0.0097788904989331
0.0170001796911912
-0.0100733452528416
0.00916176816145864
0.00772204609391025
-0.00635499188237709
0.0027285146532039
0.0139799345575318
-0.0300022503037987
-0.000923361099768982
-0.0106803894288952
-0.00985229644301189
-0.0286963736742241
0.00484028050512553
-0.0175357635188886
0.00783166019568515
0.00873791967316251
