"Value"
0.00340909421077296
0.00339751176191516
-0.0257672429361469
0.00923794098493591
0.000574547559614835
-0.0156298406104645
-0.0212272121305732
0.0276244424383085
0.00231615621783021
0.0485422610156609
-0.013869847864151
-0.031208206453841
0.0412138485711626
0.00551573378530179
0.00821697310228142
-0.00109170316519425
0.0782345790140697
-0.00964229749223477
0.0106518886935874
-0.0152519479168953
-0.0144481357473865
0.00776602401700011
0.00308960080989529
-0.00826024314681728
-0.00103734449136272
-0.00416017240666733
-0.00260892399480017
-0.0399733474085782
0.029469049141702
0.00368906874240604
0.00942415351927028
-0.0226623664415291
-0.0609911601987729
-0.0113961347308695
-0.0092113489532375
-0.00871338652556553
-0.0123277170245899
0.0422149990307705
0.0410484694391258
-0.0797257289310993
-0.043916831564176
0.0158636639731675
0.0162117029966176
-0.0119833668870966
-0.044999887995651
0.00816331063916031
0.00747667034302069
-0.0276921408209536
0.0158281240483071
-0.00693352919485601
-0.00634519895385122
0.0251427449213537
-0.0175333232959627
-0.00506650862127866
-0.0205266988965724
-0.0143605601038677
0.0259586282561393
0.0209199388347279
0.0118492187750485
0.0110975244958054
0.021232220105774
0.0423094830985491
0.000575208528945659
-0.0109859445467837
-0.0259142887654704
-0.00838830562663517
-0.015767458252701
-0.0272631507583645
-0.0267361564910358
0.0515513256107605
-0.00923367594694557
-0.0225150223676351
-0.0479366385829767
0.0210119352123841
-0.00130039030028373
0.00259909178152018
-0.0512591407988587
-0.00205128277055744
0.0115686897574472
-0.00338868504551648
-0.0164274741419481
-0.00138121568919836
0.0191655421424364
-0.0170944333593002
-0.0265564173614328
0.0203301779463345
0.0480959607399565
-0.0281708769666964
0.0155251177664084
0.0244802168472908
-0.0251502336227749
0.0159577854386108
0.0183011643824043
-0.0484340099832838
-0.0573583778470939
-0.00288392413290461
0.011486127715568
0.0350667065471808
0.0298732329405991
0.0335447433225804
-0.0195956629450502
0.0318105367719363
0
-0.00255918245882114
-0.035205721888937
-0.0743632239610141
0.0378726889048018
0.0338327261826916
0.0442492485026462
-0.0179837858924601
0.00774697225017373
-0.0207934717181728
-0.00791039062242227
-0.0275092824999574
-0.0171530792262495
0.0899482366629396
-0.00507293415119392
0.0502119725253589
0.00782900716715673
-0.0218322801297797
0.0525494027618354
0.0258412311838869
-0.00227014853453866
0.00113571846392713
-0.0160186491556376
-0.0508684468710703
0.00544630695714599
-0.0300175676876515
0.0148150857851412
-0.0210534091978332
0.0130558273514154
-0.0539299717504336
0.0180883484724301
0.0566247674213929
0.0132213464381428
-0.0327699225234914
0.0387223210507859
0.00414569737970716
0.00177147964838209
0.0146415499929482
0.0804004254380377
-0.036606108461978
-0.0385754011002684
-0.00231615621783021
-0.0216826543095578
-0.0215577210749789
0.00903892866987022
0.0166571370637572
0.031933047103009
-0.0138091952741863
