"Value"
0.00108049713375458
-0.0185291404687007
0.0239141830995884
-0.00215053846322855
0
-0.00323450416765914
-0.0251516812291941
0.0066225407604934
0.0345980454079009
0.0137205318629068
0.034006367985195
0.0358247265181451
0.00972770316801208
-0.0175785776437509
-0.0168906151644235
-0.00804833318282849
0.0130458448332997
-0.0120362536319476
0.0298232838346775
0.0496759244660332
-0.034126534401171
-0.0155493900648622
-0.043028148129848
0.00814668456781797
0
0.0030379770200768
-0.0091417599580943
0.0101523714640179
-0.0318138682451976
0.0328234594465497
-0.0121828917994775
-0.00614756034450537
-0.00102827772556591
-0.0145080264895783
0
-0.0104932757158389
0.0311551677797954
0.00814668456781797
0.0250388644178359
0.0253919892090564
0.088537052798479
0.0616105848967488
-0.0406491187310789
-0.000864677961353699
-0.00346620797648622
0.014649120216232
-0.0155175527501861
-0.0362711144155026
-0.0172653084733092
0.0244466678819739
-0.00808266636467758
-0.0480240014801292
0.0122239415857139
-0.00187090793581168
0.00839165763624861
-0.0149675385424053
0.0177491815042821
-0.0139862419747399
0.026865904838401
-0.00733948248804595
-0.0101805599321176
0.0111009465594467
0.0352499215784259
0.00531445006349296
-0.00798230402468514
-0.00714927084422401
-0.00991445705717853
-0.0118452410039702
0.0208624346541586
0.00626400258493076
0
-0.0180022863494802
0.0224526719769558
-0.00892066575837935
-0.0217399866364061
0.0100228629486523
0.017969935484941
0.0228883231103123
0.0129703504426275
-0.0493057609841543
-0.00361664047018806
0.00542006746933898
0.0371395469494566
-0.00434972412646584
-0.0175906030895945
-0.0170026467325473
0.0240760626082741
-0.0141972216035779
-0.0180347539083039
-0.0408599084934544
0.00189393996007103
0.0103530336499023
-0.0141445073861646
0.00568183346743112
-0.0142655771588225
-0.0430594894604468
0.00697561373642497
0.000992555912751936
-0.0291918061008039
0.0728668696034651
0.0308579883599052
0.0200553668133483
0.0205456088088916
-0.0187421818097406
0.00986112876578016
-0.0307995359509503
-0.0148288166734609
-0.0390339892240674
0.0239819646864854
0.0113102053915868
0.0065390237670564
0.0392565240003906
0.00178890924272457
-0.069375939869341
-0.0232568621642675
-0.0440953198652241
0.0272882015488429
0
-0.0221783283965724
-0.0205980505950705
-0.00731073752200606
0.00835077921742
-0.00939954701150425
-0.0126717640688225
-0.00853793873803577
0.00641027836091901
0
-0.0117837464220623
0.0202673603998775
0.00841224729465218
0
-0.0115851743352295
0.0115851743352295
0.00626306848956215
-0.00208333408685446
-0.0104822762735099
-0.0170035977625842
-0.0129451645920371
0.00864870255853178
-0.00107700602763794
0.0534999097443096
0.00509425452174339
-0.0383268038661755
-0.00635595360069852
-0.00212766037711676
-0.0171862447054107
0.00432433106300278
0.00859296372283191
0.00426894991957605
0.0252379325898624
