"Value"
-0.00738555794338813
-0.0171966854619479
-0.0298529631496813
0.00619676653751178
0.0326652665545355
0.0104090159147359
0.00221647671089142
0.00441826933766487
0.0189234176633657
0.0206928539388334
-0.00353732240085103
-0.0128389780730083
-0.0159192942174915
0.000729128723516492
-0.00511510066677046
0.00146412910488936
0.0188411370558561
-0.00720464211504757
-0.00362188009115405
-0.000725952844949251
0.00217627942259568
-0.0109290705321903
0.00584369814891073
0.0115859369863727
0.0234802676088428
-0.0213227694688216
-0.0093829631010629
-0.0014513790646471
0.00290065468063716
0.00721503851415095
-0.0115691818227712
-0.0131773502658028
-0.0170944333592997
0
0.00672397004766845
0.0293491351415205
0.0228744784125796
-0.0470249386448627
-0.0446874805858326
-0.0362815819478346
0.0167267938053137
-0.00158102799731896
0.0303880024180425
0.0137197273974801
0.011291049574266
-0.00374953570147962
0.0281500068933376
0.0512567707110727
0.032767436684487
0.00935835706896571
-0.0127219660256488
-0.0054054185669079
0.0207851934660774
0.0274886417903732
-0.0354833545920816
-0.00873367996875452
-0.00337952332465274
0.0174501072215949
0.00795232819049518
-0.00595830958363086
-0.00465891025724119
-0.0297923184970048
-0.0180310016757255
0.0166554856404155
-0.00206682815566284
0.0285539453490862
-0.0313163780449961
0.0137364797278865
0.00340483815484083
-0.0192181618275669
-0.0111499412970342
-0.00491746688153016
-0.0300236990217022
-0.0220111601013517
-0.0164551207264445
0.00676440008854184
-0.00149925065564105
-0.00601958175838613
0.0120031448613562
-0.00898882456843353
-0.0121121844104493
-0.0107198576321963
0.0122419279412651
-0.0160984695510189
-0.00620157026328139
-0.0101603062401581
0.0124904043817811
-0.0172148226180484
-0.020734395116532
0.0159875507603124
-0.0143772444542085
0.0238485070466954
0.00470220302143609
0.025474167925192
0.0425278557844146
-0.0132354873282501
0.00884309373633352
-0.024509210480733
0.0230407814356663
-0.0343830580396012
-0.00152207030906881
-0.0278010182702566
-0.00235201990043077
-0.108505172337298
0.0511620521798681
-0.021000351763147
0.011814483413763
-0.0177744840275778
-0.0285857489114409
-0.0186258156170758
0.00178890924272457
-0.00178890924272457
0.0377734850312099
-0.0138891121606672
-0.014971657899967
-0.0107048301455568
-0.0291194368932288
-0.00555556984460193
-0.00558660670863986
0.00744189481038582
-0.0348927429448223
-0.00288323121408496
0.00671465352564082
-0.0379977519063059
-0.0129936860619884
0.00301356330526437
0.0188778581765892
-0.013875346493617
-0.0110387473148226
0.0229436498211406
-0.0039525743158233
-0.0507723253734231
0.021639175103481
0.0291331502699421
0.000989609185165996
0.0166752269946393
-0.0467979864497474
0.0564786041604708
0.0561945583436421
-0.0137553750684853
0.0192049798360503
0.0188430878014798
0.00354924951114155
-0.000886132091657998
-0.00801072374607914
-0.0089767209615581
0.0143243272881537
0.0451857926217563
0.021849608714402
0.00331950512285273
