"Value"
-0.00296941720712596
0.00128783018442835
-0.0275007294667571
0.0135437687827391
0.0144518387066883
0.0117063950591483
-0.0166662306409195
0.0109777100050783
-0.0107788435432514
-0.0141178815457845
-0.0105424189796319
0.00345880304130874
0.0688642284340064
-0.00608540434578853
-0.0130557676678471
0.00173778765493893
-0.0337452322982461
0.0137728211288115
0.00657155030333012
0.0329821732671727
-0.021995722768013
0.0336565658256118
-0.00779017501995671
0.00113005003079536
-0.00150701733334646
-0.0191279562669298
-0.00144223860391968
-0.00763030697751788
0.0372087264128789
0.00939061338022817
0.00792703938963957
-0.0447815000985781
-0.00539136763697012
0.000386063126114777
0.00346787747601596
0.0231927513808117
0.00478043746763213
-0.0172605086853226
0.00616495526811356
-0.0305293941422544
-0.00146334351267896
0.00506379502535559
0.00725868176168287
-0.00135096035214488
-0.01635550477208
0.00694481198836439
-0.0105831463032811
0.0045213365797947
0.000588235311079544
-0.0147112294227849
0.00832017477977409
-0.0092157417832599
-0.0146412563292273
-0.0304623318289221
0.0108758646213407
0.00626446207831455
0.018963200707756
0.0116843592258862
-0.0100784168953902
-0.0165844634364722
0.00264765938783551
-0.0120729929686152
0.0158287706159865
-0.0105928878059216
0.0175594463463997
-0.00919802310371587
-0.0142150984941445
-0.0246076434946105
0.018512268457497
-0.0169300730955246
0.0272394427543858
0.0561379503241763
0.0233839116736254
0.0116773151000009
-0.00271879415587239
0.012408611889434
0.00379436853366588
0.0033198112378674
-0.0236620261691467
-0.00103749125080732
0.0390501133129408
0.00714385639806991
-0.00108186090609674
0.00727994946604227
0.00143176758239605
-0.0159541894084843
0.0172053066404931
-0.0103237148329027
-0.0168346484504083
0.0106796688455404
-0.00985409433642026
-0.0065314615155474
-0.0105772001142199
-0.0249328242576503
0.000955840256295026
-0.00392476452683255
-0.00837953374135836
-0.0179569575722081
0.0148570810223081
-0.0321399903502062
0.00609301190806377
-0.00870136009635392
0.0199897263262727
-0.00552923999521848
-0.00915065068260379
-0.0145943911927535
-0.0336114113750812
0.00720893264585731
0.00870652266004202
0.0138357318526499
-0.0357458414883944
-0.0246688786948073
-0.000540745159988809
-0.0466127441721662
0.0266175409999558
0.0045146803545264
-0.00341165796164322
-0.0162261839671043
0.0575816047053421
0.0262032842499287
0.0184783982637939
-0.00324215076299605
0.00324215076299605
0.00665392111205598
0.0335933584226744
0.0242849195112402
-0.02311964456874
0.0154086253528449
-0.0232028970796643
0.0187971816878214
0.0293220666563778
-0.00233306997713889
-0.0121259181889801
0.00847542506314891
-0.00234708834217834
-0.0175418142434989
-0.00604463342022044
0.0189701127428048
0.00188679301257721
-0.00832864931727695
-0.00190258809294797
0.0132427209585106
0.00468736210249521
-0.0294222608716357
-0.0252634747884226
0.0182072374976325
0.0120524044859538
0.0135175785091297
0.0182700542593022
0.0199464308643948
