"Value"
0.00674918197492858
0.019978466930886
-0.0155041865359653
-0.0044742803949207
0.0044742803949207
-0.0112234623698493
0.00225479238708903
0.0134230203321408
-0.0179377006866672
-0.0182653479772936
0.02278002833182
-0.00225479238708903
0.0178975694575425
-0.00221975673831265
0.00443459706786564
-0.00221484032955299
0.00221484032955299
-0.00888894741724622
0.0372441731723714
-0.00431035150112224
0.029789436802107
0.00418410652257428
0.00416667269484572
0.0103413537947326
-0.0145080264895783
0.0145080264895783
0.00410678195265346
-0.0207046733616911
-0.004192878260036
0.0125262598191802
-0.00624351663968481
-0.00208986491945939
0.0083333815591442
-0.0083333815591442
0.0186533905911337
0.0122450509601002
0.00202634314523253
0
0.0120725812342695
0.0178399181283311
-0.0118578464507837
0
0.00594649918772605
0.0117879557520424
0.0288759235018547
0.0113208756244823
-0.0113208756244823
0.00567645800480499
0.0186921330121526
-0.0319876754933972
0.0264136509236743
-0.0254596128549136
0.0104499051453728
-0.0104499051453728
0.0319576548334757
0.0055350776518992
0.0146121534841446
0.0277160937510792
-0.00619056807377305
-0.00533809856636935
-0.0409692550523553
0.0436432897319068
0.00797381839331956
0.00616069254158491
0.00262672258026786
0.00174825463864225
-0.00788991932635463
-0.0132936035070115
0.0185585923363685
0.0113206495630953
0.0154642469551258
0.00933262810892099
0.0340437041179298
0.00974826208422597
-0.0245511834437613
0.00248109846320066
-0.00746450410324195
-0.0244442500981452
0.0343863501416832
-0.00827820393400502
0.0189371204130762
-0.00408534267002247
-0.0282411170357491
-0.00422255598621124
-0.0283146053540198
0.0283173126334879
-0.0309303006913586
-0.0229489329855443
0.0168205944160542
0.00874132662736082
0.0342206656886921
-0.012697276360941
-0.0137196165273661
0.0137196165273661
-0.0180481420765122
-0.00173611395844686
-0.00960147723680649
-0.00263645485095676
0.0564252994278975
0.0107496765606303
0.00246275440302623
-0.00823728972299653
0.0172193195309207
0.00729174352724282
-0.0278250721412614
0.0115512988060944
0.0211047068282815
-0.0178286963294845
0.00326531328864599
-0.00490197700804584
-0.00739963734678772
0.0082169947084263
0.00408461964640727
-0.0314595896953338
-0.012697276360941
-0.019784256034959
0.0095101649100835
0.0145253599187458
-0.00425126879387028
0.00510044279940391
-0.000849174005533637
0.00423327198977441
-0.00253835403158797
-0.00764849127540534
-0.0215632479518906
-0.0140476607472242
0.0140476607472242
-0.0052447746026778
0.00785549116233897
0.00606990556121545
-0.0139253967235544
-0.0275436532760098
0.0187407671314634
0.0201306126627521
-0.0113277265182057
-0.0141220551671029
-0.0297707361104362
-0.0565122102633424
0.0683452199454959
0.00900908292860692
-0.000895828428381318
0.0124861746873179
0.0296993422373091
0.00257705519644302
-0.00862075493475079
0.020566305780628
-0.0153849398795431
0.00772068917069291
0.0177909332001711
0.0199508129558561
