"Value"
-0.023937330122378
0.0186672219949298
0
0.016594278843725
-0.0406596284935228
-0.000902527788720242
0.0262873069661844
-0.00220048747439305
0.0179090238927024
-0.00173449037209927
1.38768526447564e-06
0.000866926798985812
-0.0267860675034397
0.00930169378735268
-0.00796675871343711
-0.020657776832341
0.015308740656645
0.00178571731126054
0.0211849202142549
-0.0176230235730532
-0.0371237104156954
0.00643680383347922
-0.0213084644413937
0.01302493801475
0.0363002006502424
0.0246505613006263
0.0446401153417337
0.0311118215313688
-0.00849970986393522
0.000812677817990437
-0.00733798645291284
-0.013595105735587
0.0213385339501366
0.0173071100138076
-0.0181194582712174
0
-0.00244101175137823
0.0153600532290725
-0.00281245686485887
0.0351752068769593
-0.0327645959410505
-0.031799194139893
0.0205009229959332
-0.0118399462211247
0.0175056837568022
0.021556457251116
-0.0167268151228384
-0.0141553158201178
-0.00900170333827299
-0.00618365398423659
0.042902924656719
-0.00396856668126411
-0.00518509801688083
0.00836222539155296
0.00514076833651123
-0.00474497038619504
0.0316006888532789
-0.0084844319218722
-0.00426998646683519
0.00813547253241254
-0.0096924998968948
-0.00429374207784505
0.02549384882622
-0.00765823507516394
0.00574886189439328
-0.0157902039186304
0.029452663822473
0.0311713734121324
0.000364712652557664
0.00109567546264211
-0.00769035328400625
-0.0107196031378218
0.0110865946117413
0.0182088166899712
0.0337096409341835
-0.0129946026575833
0.0185617708289332
0.046109862768327
-0.0419547321363649
-0.0401887005067465
0.00573889666901817
0.0226318004601973
-0.0254971319334838
0.0149522187568687
-0.00141442739281006
-0.0135377913640586
0.00286533147328649
0.0042826617920011
-0.0274385444550211
-0.00882358665851513
0.0168440452564345
0.0314536293684458
0.00351247287714074
0.0228779475485443
-0.0138028416354179
0.0048526958313424
0.0157807734551669
0.00813563809392148
-0.00541639780516823
0.0174970816399673
0.00266489165037687
-0.0269739887328502
0.00273037712285706
0.0142134372500555
-0.0279404887615531
-0.0209504869408033
0.00281888840641997
-0.0321801096038117
0.0272418279632292
0.0244510958641642
-0.0202167917253759
-0.00635819874249233
-0.0157146090984703
-0.00360620657672861
-0.0152897044810825
-0.0192598545945892
0.0133731562118578
-0.00295639535360204
-0.0346420182034053
-0.00383877630716567
0.00383877630716567
-0.0224728558520586
-0.00944888919793252
0.05764177098437
-0.00374111921560338
-0.0189184605656694
-0.0122983871380424
-0.0187359110574699
0.0249040107981178
-0.00771608766586285
-0.0054369065967359
-0.00703402665738029
-0.0270286723879192
-0.0129766622257796
0.00325998658720739
-0.0122801379465916
0.0147181724740215
0.000811359070879369
-0.00650938018551672
0.0329214797252941
0.0341648134910755
-0.0223861142984627
0.0177954405898637
0.00535374127710186
0.0226253995179788
-0.00748506488656719
-0.00754151387278634
0.0105422663120245
0.00746272120158986
0.0154927480947959
