"Value"
-0.0199739232537048
0.0353325974165513
0.0209482384820388
0.00413670565467772
0.0131244057769697
0.00162996991132447
0.0177411333697401
0.0119210107042784
-0.0103222862759345
-0.0144697151395983
0.00565266120483532
0.0371431198094188
0.0176853676882529
-0.0138145114070576
-0.00154803102474377
0.0168869914852614
0.00151848122680809
-0.0238369280790054
0.0123751114083515
0.00994333544384585
0.0292466552887389
-0.011146613645121
-0.00224646760824854
-0.00525785268500334
-0.0228494884652042
0.0251077854133728
0.00225140943214885
-0.0135869465038754
0
0.0135851474007285
0.00374232309678302
0.00372837031421946
-0.0149939930460858
-0.00910477804591325
-0.0145882273694529
-0.00232102526592515
-0.00856494675498354
0.00856494675498354
0.00849036624499222
-0.00539562501667179
0.0122877348600841
-0.00920254151440458
0.00920254151440458
0.0181548542279701
0.00448946825776142
0.00149082935068989
-0.0165281097001269
0.00979910429749653
-0.0128364396065495
-0.020728297968521
0.0214903194404381
0
-0.00953782369082212
-0.0197413274517246
-0.0137776850184586
-0.00357356630172667
-0.022525840650446
0.00890990964556648
-0.0195446215398962
0.0267764823641645
-0.013298621358377
-0.00447311902278225
-0.00408265831706389
0.0105827708868742
0.00726102892351266
0.0143657789744349
-0.0232488524961059
-0.0147061762263743
-0.0103407090463556
0.0315154691452806
0.00482123895498177
0.0186724232422559
-0.00513049387700182
0.00827265953789302
0.00547795311438559
0.00932046161339661
0.000771562043298868
-0.00386936066256549
0.00425491855848836
-0.0132137460866693
0.011670621770413
-0.0211046718041303
0.00118413500469394
0.0055081264486887
-0.0174130516315905
0.00914039209369744
-0.00198044330094138
-0.0236633188947812
0.020488719103295
0.0134277026303207
0.00937141961550036
-0.0192288805963527
-0.00835303580155333
0.00119592938339252
-0.0104280327464275
0.0120242083890041
-0.00840174051474341
-0.0121262758365384
0.0268835620370997
0.00710062154957614
-0.0242714277162692
0.00602291291613932
-0.000399760149237594
0.00598733030349763
-0.00879399035538952
-0.0281020325206951
0.0200348815874904
0.00202289708142178
0.0243489490351205
-0.00633040890034087
0.00711937253258288
0.0066746019165036
-0.00431332573082388
-0.00631043501685058
-0.00316830893769326
0.00947874395454384
-1.88679423285265e-06
0.0113355309307757
0.0042666771106985
0.0180242109300059
0.0188264880135036
0.00706132956229855
-0.0171832650488404
0.0267674292104227
-0.0132941553705455
0.000371083997693145
-0.00558794575367338
0.0111483874826144
0.0215679479013433
0.00541029897280687
-0.022922623948828
-0.0257237230591012
0.00939621180522332
0.00186941092664306
-0.00561694716788219
-0.0109485018577122
0
-0.0570270007947316
0.0558855751287655
0.00870455252696178
-0.0205565159246364
0.0152668847173052
0.0353531668802249
0.00619532863201888
-0.00985775352792562
0.0145716366908677
-0.000362887232001619
-0.0109131930113855
0.00510823022713414
-0.0329221171029586
