"Value"
0.014720579851188
0.00921218636044063
0.000964785410098479
0.030859320292933
0.0111577168706534
-0.00742462807427824
0.00649955862810536
-0.00231642447799807
-0.000928074312554372
0.00970208580645071
0.0127914032795591
0.00903756716185367
-0.0131312731290212
-0.00182481802462942
0.00954335804689954
-0.00544219030268511
0.0122035412807291
-0.0054054185669079
-0.0131850057388911
0.00547696485491933
0.00363471549633587
-0.00363471549633587
-0.00960446440877671
0.00229515822579529
0.00821922435313205
0.00905393237783336
0.0169798538849415
0.0292533411542664
0.000860215106807338
-0.00387680864623352
-0.0104122415744712
-0.016711030921126
0.0201938380985869
0.00606587648496859
0.0327201485501885
0.00333890126551406
0.0323865156991534
-0.0228488112186644
0.00452955273094702
0.00123178007773372
0.00368626262191096
-0.0156575098184062
0.0394922070902544
-0.0112405840296059
0.0411287702292542
0.00618001194413509
-0.00889582350667695
-0.00897567001426047
-0.0122265376363426
-0.00836824967051619
0.00558660670863986
-0.0116070944902233
0.00160901080570053
-0.0141674096005806
-0.0247639563501156
0.0255789523202479
-0.0189150376137501
-0.0079183576893147
0.0133002791874812
-0.0112104142680218
-0.016417965073539
-0.014105812001068
-0.000861326495972037
0.0170871308110758
0.027982615093876
0.00411015786182833
0.00041008817470356
-0.002874155129863
0.000411099697465112
-0.00411862196699708
0.0094475954305917
0.011786358755673
0.00443459706786609
-0.00483871911822309
0.00443638557829562
-0.0109246484047487
0.00810377206310786
0.00803862849643444
0.0225618119522819
-0.00510105088840529
-0.00829552456147908
-0.01680039515273
0.00803539879976256
0.0107463720754835
-0.00675275654401375
0.012673436953742
0.0027510333718892
-0.0027510333718892
0.00940077428470509
0.0223602222620043
-0.0111176149904848
0.00499904905711279
-0.00384320227075285
-0.0186558072866339
0.0128631670304724
-0.0156131196571883
-0.00591834436120475
0.0172620998776951
0.0127537960625705
-0.0139213385186086
0.0104591307901378
0.0171924005403721
0.0209902758918359
0.00628584062673454
0.0124543734363423
0.00181851295795976
-0.00766007757952902
0.0040197386485552
-0.00475233941392172
0.0163550801664387
-0.0105092469311465
0.0159020336838589
-0.00503236144695496
0.00503236144695496
-0.00395186431320038
0.0118090475922425
-0.00106780576082954
-0.00678937751821262
-0.0122656660404745
-0.0183155303064328
-0.00222057826257771
-0.00520060607503936
-0.00973061569994549
0.00337901579249511
0.0185671876755746
-0.015946935380982
-0.0203934560067012
0.0117581479823468
-0.027137151587139
0.0169039753071107
-0.0400286585008596
0.0176856643462751
0.0162291042655882
-0.0138944728549841
-0.00272426710616269
-0.00861062071556873
0
-0.00789270079890869
-0.0264969335351237
0.0284759565439847
0
-0.00515362884963366
0.00870603045400209
0.000393933430345328
0.0039308226714363
0.0058674136644461
-0.0137445713705961
-0.0548583605520463
-0.0301061533475098
-0.108570329897152
