"Value"
-0.0260601066698651
-0.0211236314512933
0.00783439933261043
-0.0168638060520045
0.0135137191667227
0.0275803471821727
0.0108226164581517
-0.0140923741397083
-0.0254297837976312
0.00446928118229684
-0.00446928118229684
-0.0101295182388559
0.00113058237028607
0.0223472986919968
-0.00332042363730256
-0.0167695377530439
-0.0113379899373967
-0.0265757985836133
-0.0129642357867144
-0.0107335556431085
0.0107335556431085
-0.00714288751238001
-0.0108109161042158
-0.0207451002698464
0.0073710407445895
-0.0197781477916434
0.0295224392663216
-0.00729930248161148
-0.0122851667945776
0.00123533060799286
-0.0111733005981254
-0.0176326986509561
0.0126264303728121
-0.0318701287654388
-0.0183011643824047
0.0104987840982198
0.0346410518942566
-0.00759497321744496
0.0531974523732406
-0.0182375875497809
-0.00492005912544968
0.0073710407445895
0.0265716116072037
0.00712592088996766
-0.0227418538361959
0.0168071183163812
0.0339412334280329
0.0317127367934038
-0.135923166067993
-0.0417270442266684
0.00663572441539806
0.00396040121609698
0.0234385729720175
0.0304205967007118
0.0367688477870889
0.00480192999540741
-0.00239808268401287
0.0411580724935074
-0.00693644399665683
0.00115942041973494
0.00577702357692189
0.0439507354547866
-0.0290848241789572
0.0279816801067998
-0.0144527251664801
0.00223713739835629
0.00334635002734407
-0.0100728327882948
0.00336889706610455
0
-0.0215305767404068
0.0215305767404068
0.00335758569484623
-0.00785197528268533
0.0310446216819602
-0.0198462963719308
-0.00558348742570036
0.0144527251664801
0.0120681662134854
-0.00656457499650642
0.0174106683058968
0.00645163528148895
0.0148938923387343
-0.0245870215443942
-0.00325203538637719
0.0107992410217603
0.00321716095177527
0.022234902251888
0.0540121081505838
0.0465200156348926
-0.0346855579878902
-0.0218046299668524
0.140894001537291
0.0121108746699088
-0.0768234753622759
0.0346750067378307
-0.039328342263472
0.0303192723211061
0.00361337339851353
-0.031138046788604
-0.0244833321654658
-0.00669538608298481
0.139511556362082
-0.0253606152872221
0.0152934161694982
-0.00761747229739385
-0.0128261698484202
-0.00777541714279772
0.0382862584063357
0.00996685991539215
0.0106864970963856
-0.00656277991252363
-0.00992563979996985
0.00166112995007639
-0.0201180297273931
0.030027276790165
-0.0291808950214838
-0.00254129742867271
0.00169491565999147
-0.0110686528091897
-0.0251421999409902
-0.0643629439270423
0.0185534078957481
-0.0289064415456504
-0.0239360398287296
0.0191944472561469
0.0197653493330434
0.0330002447196684
-0.00542496809686455
0.0434658220023341
-0.000868432533954078
0.00260303834616238
-0.0254511324295241
0.021978906718775
-0.0273265130453706
-0.0089767209615581
-0.0200371002291573
0.0245355333660195
0.0151450556288912
0.036462372537355
0.069163359936772
-0.00718565966087459
0.031548357734926
0.0298301276679087
-0.00150829591188506
-0.0167431612954774
0.00535783907035192
-0.00229270257097491
0.00305577013947778
0.0106222546566226
