"Value"
0.0320027310861732
0.0461620417631625
0.010683862308313
-0.00639661029669281
0.0190683743655153
-0.0126717640688225
0.0487395581624881
-0.0287494132859862
-0.00104220957844348
-0.0147061473896954
0.0333017245490401
0.0242681272724381
0.0158576167333386
-0.0198616260867217
0.0296464399667205
0.0268988359816085
0.00849462399142276
-0.0180185055026785
-0.00768495616938392
0.0086414363953411
0.0198776066768849
-0.00187617315822752
0.0046838493124266
0.0157629596652571
-0.01482881667346
0.0166670524852108
0.005494519317641
-0.0137933221323356
-0.0139862419747399
0.0232028970796634
0.00457666702741211
-0.0175039015288716
0.000928936434658745
0.0165749650942129
-0.0119431828441741
0.00276880656813283
-0.0157922464544198
-0.00657588090615668
0.0195993207924436
0.0110295235754991
0.000913659268674927
0
0.0216810660613245
0.029064132943911
-0.00260756340708124
-0.0017421607193846
-0.00524476726729528
0.00349956612626467
-0.00437637459979889
-0.0221738574943222
0.0107048301455572
-0.0107048301455572
0.00335722815288264
0.0157417312454964
-0.0177545720123859
-0.0167084492107357
0.0247370382773102
0.00531680472680574
-0.0142414512010047
0.0102565001671886
-0.0147488707052945
0.00449237053810592
0.00089605740762444
-0.00134438738599307
0.00581267006604413
0.0128462453208336
-0.0186589153868777
-0.00765252440311492
-0.010447517240503
0.023912711709662
-0.0143693536627625
0.0170407711018701
-0.00222568531672884
-0.00581007221005425
-0.00134559338535833
0.00447828782469628
-0.0103302063926352
-0.00861487984981402
0.00363636764338349
-0.0118668667798998
0.00275103337189009
-0.0236286183934453
-0.0603902376597301
-0.0206296624225608
-0.0097063341865784
-0.00669587873859889
-0.00986764693307585
-0.0184361292297757
0.0231224174208542
0.0108500160240661
0.0112418148662483
-0.0158774142052032
0.00103199183565561
-0.0166410496422325
-0.00948373809890946
-0.00637283091500063
-0.00427122913094635
-0.0189041546391522
0.0442620902292337
-0.013655674387187
0.00999745238221816
0.00261438057407126
-0.00733755912631739
-0.0100450223431041
-0.0209403624755016
-0.0258327088076786
0.0154699217721319
0.00982004618097498
0.0325796504808977
-0.00738399979463988
-0.00318133884435756
0.00371057939653596
0.0131407935610586
0
0.0129703504426271
0.0122952368570379
0.00861855778413911
0.0100452878851831
-0.0258176830259416
0.0157723951407585
0.0120422930421187
-0.00249688019858674
0.00747201483870086
0.0138001204368381
-0.0187752550769522
-0.0135578275580119
-0.00303797702007724
-0.00304723445546795
-0.00765896008400091
-0.019146768610212
-0.0142070266443488
-0.00851521909446085
0.00586199387123543
0.0194691758623744
-0.0131132222616763
-0.0283820925129454
-0.0376358751588697
-0.034426807750088
0.0753164818751202
-0.0103402281851448
-0.0176605031519506
0.00886923774077975
0.0277568839986637
-0.00214938288014466
-0.00323276143608364
0.00377054042188707
-0.0189965006906556
-0.0232826481534509
0.0166855928917107
-0.00331492016262303
