"Value"
-0.0217547668545621
-0.02575847251352
0.0167836107528214
0.012405396857488
0.0376388514999348
-0.0206605149655172
0.013378125946176
0.0079418021655564
0.00460375689805925
0.00654024568060985
-0.0204155921742268
-0.0338327261826916
-0.00206682815566284
0.0292239621245702
-0.00942133482839047
-0.0101937681895428
0.0329220192670987
-0.012637348095593
-0.0013395849290565
0.00334560365592207
0.00200200267067308
-0.0256597467805775
0.0369293390388084
0.0163455747747423
0.0425325928691085
0.0203021430199906
0
0
0.0722356793550238
-0.020607483684107
-0.00289603445965181
-0.048732161211265
0.021091471810835
-0.0290401532211639
0.0254559199933491
0.00893660996640655
0.0383991329345363
0.00228050269872515
0.0401839778190336
-0.0232439905776509
-0.0481744523031251
-0.0017641874613874
0.0460115659939033
0.0293568575682404
-0.0170662000581201
-0.00445187157082305
-0.00559285574199198
0.00447678419757125
0.0383398545815394
0.00535906963183841
-0.0150783686042661
-0.00544070983011835
0.00326797676461599
0.0220498312196735
0.00371648954455583
0.0142070266443488
-0.0147371088194967
0.00686924761888363
-0.0223651494595805
-0.0250831034692922
-0.00943141526467173
0.032897703507059
0.00269324159564288
0.0133584674148644
-0.0203760400735105
0.0209066848193133
-0.0241622492790796
0.0241622492790796
0.00317796877634624
-0.0138447365805412
-0.00268456537066886
0.0635299481826861
0.0268806627804805
0.0646613033834127
-0.012042757863183
-0.0121895555245857
0.0297419691987377
-0.0468689339915382
-0.028225718064629
0.0238977478561706
0.0129281187720975
0.0239729459274667
0.0283901851148727
0.00719751195329721
-0.0300295539959432
0.00506796753924377
0.0177640745034022
-0.0349139733968302
-0.0381180020546159
-0.0196180887149522
0.0103474685254241
0.072320661579627
-0.0221309170557715
-0.0150308137460602
-0.0109446726572004
-0.00191570939813879
-0.0110871224894655
0.01682327588499
-0.0236326407173424
-0.0122761178315436
-0.0124286959069559
-0.0619073350869348
0.0340079856069186
0.0198631434994123
-0.0411792612236468
-0.075280897928752
-0.00739269787106078
0.070513784327658
-0.00479872954990501
-0.0270872465464818
-0.011599135843352
-0.0151136378100478
0.0633745614273016
-0.0262820168984783
-0.0010875476873986
-0.0231160540534878
0.0307041663439795
-0.0174296351352838
-0.0735164311722603
-0.0761571065425595
-0.0252032726295552
0.00847186559365021
-0.020984376552267
-0.0614947816078062
-0.00423729447551491
0.036822499762069
0.0640694479748798
0
0.0352016232561585
0.0375801797309805
-0.0569134916015344
-0.0417932889119195
0.0169274875217069
0.0102762625573849
-0.020007121047052
-0.0170944333593002
0.0138296573611609
0.0664170694908859
0.0725768127671493
0.0146895296760432
-0.0112804354652702
0.0235436883691111
-0.0128242627362267
-0.0313505298840759
0.0234631650509103
-0.00113186203368354
-0.00510929297680818
0.0734979804713598
0.00422164215382903
-0.0386521544342795
