"Value"
-0.0106692635857009
0.0167945727603307
-0.00129617646144675
-0.0121168413200432
0.000937295035345453
0.000936417335961615
0.00690236860333604
-0.00241973128767325
0.00279147850385053
0.0074060697709184
-0.000184484826646347
-0.00240140505168673
-0.0177259982257354
-0.00547429399195387
-0.0160278187806
0.0114745952056285
-0.00725194017879183
0
0.0121836648937856
0.00264550418842413
0
0.0120053964901627
-0.00485982264898022
0.0418332873757006
0.00287098707878819
-0.00247573725779349
0.00301313091156841
0.00802644102181782
-0.0186485590780729
-0.00144901311352275
-0.0190307664754528
-0.002589716578691
0.0183525062895278
-0.00565333866397433
-0.00274700291777874
0.00894574655845837
-0.00127307464679838
-0.00895719360401648
-0.00386349482504489
-0.00925932541279684
-0.0212473913956255
-0.00552645522803008
0.0208025655855635
-0.0139467017484853
-0.0197418965535001
-0.00116211518017728
-0.000969462024548395
0.023011561893207
0.00378429969123983
0.00395816179762898
0.0178975694575425
-0.0145172845487189
0.00821513208685065
0.00297066687086511
0.00609927036372948
0.00220872535955596
-0.00627076934965221
-0.00111069985502166
0.00682974505274769
0.0111589925896256
0.0104959342130702
-0.0137758205353147
0.0038254896821468
-0.00200200267067308
-0.0143121709071541
0.00276829557614189
0.01771897668231
-0.00380952841666726
0.00272257178791069
0.00325733187030641
-0.00816331063916076
0.0119501693706581
-0.0273689770378414
0.00479794240213893
0.0162516130455126
0.0122413769856538
0.000715435551889687
-0.00250626697605982
0.00447107961136961
0.00498399038098052
-0.00605522776247946
-0.00268312476503851
-0.00340899226702662
0.00322986105293399
0.00143215205287728
-0.0104298733644961
-0.0043478329361033
0.0468170600452158
0.00759409931959398
-0.00327219787362276
0.00858816683593799
-0.00927841707904653
-0.00640750308936555
-0.00977661418461695
0.000526177333897149
-0.00474559287660536
0.016771881613828
0.0113696315202989
-0.00635795594799626
0.00395699441045805
0.0156732339541685
-0.0136149141880142
0.00580900317946575
0.00983225415378053
0.0142369040636461
0.00547310429983439
-0.00248406188841654
-0.00365448911705846
0.0089463817378026
0.00526403584364132
-0.00197076759466652
-0.0092486208376612
0.00875532147716829
-0.0139121157377242
-0.0237965831906708
0.00426076486085503
0.0233643706550981
0.0110699189091457
0.00508072878564825
0.00603049663942246
-0.0008128099285174
0.0153315356818529
0.00590820081905807
-0.00414805955336917
-0.00577202179712222
0.00593188112125764
0.00764334931256805
0.00758537138925686
-0.00299566641054172
0.00949215072719856
-0.00194138337528171
0.015858541306649
0.00722357709548094
-0.00199279593809631
-0.00600232660110578
0.00692257206482116
-0.00260956476279928
-0.00539417197603065
-0.00526806300464999
0.00912400978889805
0.00276710399466484
-0.00631402729066854
-0.00931249939664758
-0.00688470877749703
0.00626078113286122
-0.00578986047428787
0.00766047676410908
-0.00813139742268243
-0.00582632937046279
-0.0181678303822039
