"Value"
-0.0129185589915561
0.056862861894543
-0.00953723919118676
-0.0176291173495038
-0.0291056633868862
0.0094063009824561
0.0485393595031507
0.0307378754536289
0.0229772331369524
-0.0224368386358256
0.0360781834342019
-0.0184070408713914
-0.0274432072966029
0.0167707474058316
0.0112031046365741
-0.00318810046864559
0.00106382988756515
-0.0187824142382329
-0.029130941457665
0.00667039716184892
0.0262453555183786
-0.00107991371186245
-0.0174391340553752
0.0249741535597936
0.0378793313290799
-0.00154998739375589
0.00567158003930679
-0.0260431385360205
-0.00105596630720317
0
0.0209103279990082
0.0360719829964244
-0.0201619732903442
0.0291039106660049
-0.0039643263019089
-0.00248570846357321
-0.0100050859609624
-0.013158084577511
-0.00715749476889993
-0.016554956461917
0.0196287293738218
0.0167389147970534
0.0149778136970351
-0.0195152553109885
-0.018358496225126
-0.0187018437770208
0.00523013744522505
-0.00208877360539095
-0.0147448695581422
-0.00212427058108045
-0.0139188542594946
-0.0339945014364034
0.017689792411459
-0.0115735653940225
-0.0384228054022735
-0.0304117004180231
0.0281048943201077
0.0368417976611788
-0.032808372429276
-0.00692443620760397
0.00864807926576905
-0.0291226172462791
0.015249562378032
-0.0199889077419284
-0.0307531018318077
-0.00491099820662644
0.0457084976320239
-0.00826450984989346
-0.0554513045362146
-0.00565505748334516
0.0599201222600527
0.024041028856912
0.0195072163888241
0.00792307483732735
0.000563539039990957
-0.00564973254211854
0.0312351103602104
-0.0099338565242908
0.0132233331746896
0.0333723111235029
-0.010644060045947
-0.00967749488206504
0.00431267514794609
0.00643433855264597
-0.0292862578779189
0.0065825799946948
0.0259053881956435
-0.0117900615449731
0.0016159443322481
-0.0146383746992731
-0.042963371742383
0.0119015289773881
0.00953189162536017
0.0340131525909246
0.0128619136424071
0.0015961695328226
0.0179140723137161
0.00935557759358474
0.00824322029922975
-0.00205444345501427
-0.0239345452402606
0.0187798946515958
-0.00622085987510257
0.00103950113310525
0.0337110573423116
-0.00503525736564558
-0.0142351158218723
-0.00667867881930473
0.0112763880679347
0.0106464883944879
-0.00860982781268405
-0.0859946000845433
-0.0173333945483609
0.072858299526211
-0.0100132588949728
0.00948873750870138
0.0161335791928483
0.0264916154469761
0.00551518068811063
-0.00702461493696482
0.00952149513555156
-0.0201518154373082
-0.00971626155741045
0.025870070669864
-0.0243296339082537
-0.0429835559658382
-0.00483222416793883
-0.00377460680028641
-0.0152425378948342
-0.0540976965319846
0.0160830577532876
0.0347179324962044
-0.0132965947910382
0.0574372372071537
-0.00846118215513414
0.0189379673505474
0.011399087161311
0.00616334770766791
-0.0025634466741975
-0.00154122814993407
-0.0260431385360205
-0.0299968929122052
0.00379919045847643
0.0139862419747399
0.0132663128974766
-0.00316790127655686
-0.0284277657428245
-0.0136950921607815
0.00659705526174026
0.0152259602687685
