"Value"
-0.00203624586749029
0.00731116173012047
-0.0010122482896926
0.000809880586887246
0.00725956001280448
-0.000200944439538997
0.00521147701854918
-0.00160064059784615
-0.00120216403979123
-0.0104797412147035
0.02579885109756
-0.00554347093713314
0.0021814584753983
0.0102484144913682
0.000196059210509691
-0.00965239445254484
0
-0.0228238135652572
0.0016187781762369
-0.0150746386916287
0.0100072314762456
-0.0114450462458731
-0.00350046687095507
-0.00268511986175568
-0.0126966009886194
-0.0179651878091889
0.00106575732138259
0.0164804068068376
-0.0269741319698675
0.00365316834776319
-0.0153466753464802
-0.0021805503624801
0.00305144090304532
-0.00523675645804289
0.00675899226356691
0.00347071931912923
0.000216520516164831
-0.0137331858635328
-0.0130345377963654
-0.00960793895339407
-0.0131075322938012
-0.00250541071722843
0.0238857682814544
-0.0325894420989457
-0.0249226827627886
-0.0142520227072014
0.0308586492283327
0.0192976353721428
0.0135595297856321
0.00425580214516508
0.0026785730300789
-0.0118848803351002
0.00764048660706518
0.0131215048413638
0.00286817626298319
-0.00176405778932764
-0.0117661475084381
0.00312151869963406
-0.00111370988235082
0.00555618720191164
-0.00890477834295966
0.0148709876215305
0.0085554980560465
-0.00174901662426175
0.0132596225925017
0.00688619032756854
-0.00279179822691855
-0.00972454989199489
0.0172232459831152
0.000213424395218542
-0.0124545307541739
0.0107458588305573
-0.00492875743295684
-0.000429737866519009
0.00813360648380934
-0.0120095803285025
-0.0233558581169366
0.00396738452946988
-0.00839412925282179
0.0234582717772858
0.0197388944641896
0.0149712864846125
0.0178390957602481
0.0155041865359653
0.00303183658212003
0.00422918765492719
-0.00362392182387961
0.00863545882376782
-0.00682185631155319
0.00381794897615251
0.00579943631253288
-0.00720435375385309
-0.00705434750465628
0.0144580831752301
-0.0201376116268315
-0.000814000858946784
0.0127441797657148
0.00341126045657036
0.00419790721423974
0.00477612848214726
0.0029735377247313
0.00886792686965965
0.0058685614436591
0.0267693578377886
0.00225718744178005
-0.0133513331748638
0.00936461693104285
0.0132277060975512
-0.0015029121746819
0.0076786593225302
-0.000186584569997539
-0.00937389691117874
0.000564918572598216
-0.00339430836922316
0.00640182943317846
0.0206192872027358
0.0045859018276655
0.00202941810745783
-0.00753502937179107
-0.00461127811486595
-0.00519000238200729
0.0280366508574517
-0.0012657085136083
-0.00872257029484746
-0.00127842223602936
-0.0108407125054084
0.00460787839543819
0.0151476570916285
0.000905223199317184
0.00180799181414359
-0.000361336950633895
-0.0032579214336792
0.000362515864039015
-0.0065454779145
-0.00054739532431558
0.00491580416413706
0.00326382882663001
0.0010855799871976
0.00379027617378114
0.00807396509521041
-0.00178858928024983
-0.000358102062913535
-0.00340838073256311
0.000718519880023027
-0.00992519200592623
-0.00527321887441135
0.000911161794245441
-0.00988475923254173
0.00367242425226344
-0.00128381494019969
