"Value"
-0.0247314763257922
0.00928974620047729
0.00629498481622104
0.0120295502770746
-0.00822683906225263
0.00133868828559658
0.0033389012655145
0.00818860390555276
0.0318864450536442
-0.00578098173523056
0.00514029831769314
0.00977898949316591
-0.0187919260414926
0.0215383099373785
-0.00953902304675891
0.000851607460452541
0.0105843494463058
-0.00105340787156027
0.00755988480794034
0.000209183140601699
-0.0109359659822279
0.0117722612431792
0
-0.0241128433849469
0.0100117994655124
0.00570645107640777
-0.00655462754795177
0.0265845064436179
0.00309374279963981
0
-0.00806372610911321
0.0242013452373611
-0.0208852800224979
0.00371747640013265
0.0016477861606865
0.00758588978625907
-0.00286357323925657
-0.0206961029346355
0.00396536051267038
0.0043645502101759
0.00165768790550169
-0.0167018496179314
0.00608670154947166
0.00292520058147305
0.00851776210379684
0.00309821584192393
0.013722693580573
0
0.00507254815982483
0.0116701525678202
0.0162702001801618
0.0271808618168206
0.00153110077757823
-0.00729369836090177
0.00173226874228982
-0.000384689368083446
0.00345688840505343
0.00687813181619834
-0.00726164092924009
-0.0166315958929411
-0.0254778271869358
-0.0112654581066107
-0.00243062708283315
0.000608210865175707
0.0134878743296016
0.0250778271816023
0.00447515096507933
-0.0134859856854757
0.00998539868019321
0.0259605003028689
0.00511219517233519
-0.00283688133519977
0.00641874961945144
-0.0218593136528558
-0.0139648408832023
-0.00901260018996863
0.0041245271080248
0.011110142542893
0
-0.0150378773645401
-0.0206766809525725
-0.0162012454154241
0.0127803747889357
-0.0215982315756236
0.035013188984713
0.00594885751977214
-0.0552761587615915
0.00707893857632724
0.0213472802596981
0.00829208917492874
0
-0.00161257845869889
0.00963669372874687
0.013494945817369
0.00118203323455512
0.00275265608335973
-0.0118508201082448
-0.00198886302631518
-0.018688376713309
0.0166955502267676
0.00457757790073465
0.00455671912769828
-0.0053513159116596
0.0155775603880031
-0.0066745438208855
-0.00572841072634533
0.000396118048356708
0.0067297793980301
-0.0206881316487371
0.0249864277827307
0.00896866998276025
0.00792657606012925
0.00614323298869301
0.0114178214713263
0.0105402820354321
0.0165262325882107
-0.00980853611830268
-0.00335320731482813
0.00688054783279624
-0.0117440067270445
-0.00112570368360254
0.0143511921630899
0.00110967276043805
0.0073665158167624
-0.00275608810198014
0.0212987026313307
-0.00360880940199149
0.011502643000723
0.0117251298864729
0.00105913513872613
0.00299480537406538
0
0.0160533895966295
-0.000328944523876107
0.0321858246272395
-0.0170799789204139
-0.0113208756244827
-0.00241796318151444
-0.00955614951773676
0.0128362560408681
-0.0212514529661525
0.00928772119318566
0.00156862777262656
-0.0262917658594213
0.00570513225103308
0.00761537373794985
-0.0201378987368406
-0.00396825917562049
0.0283315163116331
-0.0195145451134753
