"Value"
0.0146558558785328
-0.0267585451386299
-0.00911826622278822
-0.00548867241808981
0.00033690830797628
-0.00427591514544545
0.0203154659577698
-0.00232313838649256
0.0186531631696778
-0.0013053412056907
0.0096409781039557
-0.00800956766000827
-0.00654167182372412
-0.00636455566624061
-0.00563008607560578
-0.00644160379336389
0.0277994059371647
-0.0111148578062963
-0.0100215584610193
-0.0067744164904
0.0177816822761785
-0.0131124130924949
0.0063021934500167
-0.00619128566972238
0.0302573461450169
0.00654192906326667
-0.0186659138990231
-0.001198714250223
-0.00305777239451732
-0.0154307040559498
-0.0115065783882455
-0.0098233726205712
0.0013606987018373
0.00677585878725395
-0.00643597321212441
0
-0.0152953558278894
0.000230017252307757
0.00904361953302146
0.021978906718775
-0.00335008688528182
0.00446429312868535
-0.0115362202279261
-0.00848469369728244
0.0114093302026346
0.0160449124520703
0.0113206682438256
-0.000109295590032144
-0.0158646050694786
0.0138952390062834
-0.0124526376353105
-0.0103662523331898
-0.000896760512960171
-0.0154831595057172
-0.0247922758709418
-0.0285412232446953
-0.0126943613650252
-0.0135973185766094
-0.0320829521755388
0.0306018361308951
-0.00731423331452818
0.00446928118229684
-0.00820900132238167
-0.00149981280457911
-0.0110679031971275
0.0123179033598877
-0.0278675411627165
0.0197144699730831
0.006027140294524
0.019709345774936
0.0081902542058625
-0.0111404714655499
-0.0122624934091826
0.0122624934091826
-0.0193915336705883
0.0138363067429923
-0.0179869950490827
0.0137691498182675
-0.00186648470785888
-0.0226738520578702
-0.0213760392591786
-0.0233073951726692
0.00186343724891946
0.0031864073694079
-0.0161692571957461
0.0156388938844545
0.00963513030421081
0.0351049080909265
0.0102202643444507
0.0279755835376996
-0.00207735151383481
0.0229756176554701
-0.00695780158185322
0.0177777157110022
-0.0328174170226916
0.00183139053690118
-0.00476860963548287
0.000735113975765422
-0.00380391893739551
-0.00591863626645406
-0.00111365475841962
0.0247016716965094
-0.00447915524004294
0.0156497716671273
-0.00299061171515325
0.00334888484253026
-0.00454763828265392
-0.00625678854995027
0.0015678710321505
0.0218138454688868
0.00294342945187864
-0.0649618413856556
0.0163009893347126
-0.0104219305601836
0.00795035243596676
-0.0109481063671502
-0.00275585793858335
-0.0121152415736692
0.0228452259922762
0.0136811155905767
-0.0141776399304696
0.00334676482204799
0.0152280972907435
-0.0125093610634659
0.0120217345756859
0.0541121441793626
-0.0106841104575532
0.0268402911504446
0.00803762746778736
-0.00259667094818061
-0.000113051834386368
0.00922806458547676
-0.00945420660362695
-0.00192427474624246
0.00936009089115108
-0.00924679570041098
0.0100322094855265
-0.00946592598888296
0.0127132274259432
-0.0119209688818716
0.00957052849147511
0.0221640278518556
0.00371950981276203
0.00631328971863176
0.00971824946892141
0.00589276896715063
0.00192102513719394
-0.00288292335703444
-0.00364221077516191
0.00300043088362933
