"Value"
-0.0164770467844697
-0.0032894766503988
-0.00466246594990949
-0.00224182558923403
-0.00117164629689093
-0.00195579956730452
0.00546662821736721
-0.00312012733624378
-0.00312989300892763
0.00537346806114325
-0.00468796639399116
-0.0106289751770605
-0.00277420171978449
0.00247733367544889
0.000395804477758332
-0.00416378117177985
0.00327300069025149
0.00286745635740093
-0.00415554174728694
0.00198098321518358
0.00916036939866416
-0.00402810388932817
-0.00295770697723263
0.0100207145617146
-0.00578404632007601
-0.00512568889583598
-0.00545014478953831
-0.00468105032845756
-0.0171168093639622
-0.00539688698553942
-0.0808854151124194
-0.0171956001175166
-0.0142924392998887
-0.00102874787606355
-0.0150950610672012
0.0177219827994124
0.00783961295142177
-0.00169904328124071
0.000906515642815631
-0.00738933618622539
-0.00836441427789714
-0.00565396994558132
0.00477911953523869
0.0235138924808331
-0.0138183193201535
0.0119042276475407
0.00528298873871735
-0.00494494152157055
0.00393546356023533
-0.0117396088072605
0.00351374688522599
0.0036141896129398
-0.00690087019382934
0.00701360341079127
0.00303900284540015
0.00537997262680623
-0.00785549994030887
0.00729643468283347
-0.000671291141789876
0.0164283859086853
0.00154015431984833
0.00329236469481531
-0.0495245194221097
0.00207015600095639
-0.0126020512787743
-0.00454784761465321
0.00326721410823838
-0.0413852161628547
-0.0288232787304996
0.00821410965692193
0.00272311097843536
0.00726648926768236
-0.00825585368180093
-0.0089486055760144
-0.00262516558036285
-0.00716038484235515
0.007535830688703
0.00125046908879067
0.000374836013634638
0.00672313289369653
0.0106147627116342
-0.00258159833587035
0.00662497822431218
-0.0185121910083588
-0.00336889706610455
0.000124976567056123
-0.00513689032860221
-0.010861435394744
-0.00509230890371271
0.00114803252611573
-0.000127494103570491
0.00381776997180072
0.00139620508814353
-0.00114220457877678
-0.0116228398279929
-0.00734965593225745
0.0166841652422378
0.0281107730576262
0.0021014903586587
0.00283618169030442
-0.00147874333785358
0.00283233980368003
0.00441718509626465
0.014101862670973
-0.000603755376669124
-0.00290311078457739
-0.000363482163086015
-0.00169799919511648
-0.00633221794367778
-0.00428475895789049
-0.00442641814576605
-0.00866342052220803
0.000993912369061434
0.000992925488056073
-0.0138656896352232
0.00251256413588274
-0.00351936009306364
0.00188691168633781
0.00163244840672583
-0.00326756605925205
-0.00974013139576613
0.0104951333191354
0.0163436985850698
0.00788861480269798
-0.00788861480269798
-0.00545974802072902
0.00471698987813873
0.00973573528834137
-0.00491763961280611
0.00626576163817294
0.0110834823167782
0.00531530606334529
-0.00895564499431956
-0.000608013638236038
-0.0043886453468982
0.00231862938703609
0.0133190006203114
-0.000721934816580116
0.00336457899714526
0.00323372938837796
-0.00720031911949537
0.00334859650937425
-0.00010203561051636
-0.00312612975521853
-0.0122373854029201
-0.00635932190829225
0.00794285351393675
0.00206699569003188
0.00496759972293059
-0.00472470440961636
