"Value"
-0.00886540836108951
0.0176529114133817
0.00543910689353844
-0.00657598741617171
-0.00147987960299911
-0.0074324280168927
0.00480880248866544
-0.00263052705011768
0.0188320936961528
-0.00823792956448965
0.0021506601758392
0.00383704341664393
0.0124253011794186
-0.0105122864734639
-0.0111922484252833
-0.0110889961671115
-0.0133080711970059
0.00279199809103092
0.0126978503967727
-0.00794614649182623
-0.000578268679735316
0.00576769392196086
-0.0119179889106813
0.00313789553772725
-0.000696459691529761
0.000812489163145358
-0.00174185725977827
0.019109594978608
0.00896765190112125
-0.00464405886483421
0.00825376385598808
0.00539024325871251
-0.00990441411141196
-0.0079491674544232
0.000569898003684788
0.00647398479006611
0.00845504163212585
0.0172504416775237
-0.00697561373642541
0.00133244523377885
0.0122416747933394
0.0032829970393049
-0.00932996175735967
0.00319295619464199
-0.00253150759815268
-0.0041965826360153
0.00386591302705019
0.0113998823078272
0.00163354242696157
0.00909884960167329
0.00634172061434057
0.00523645332265676
0.00085233331390544
0.00106439605578634
-0.00865436247243956
-0.000536682243333253
-0.000107371020664715
0.010999096418455
-0.00340425860680105
-0.00523533435748869
0.000214224508102934
-0.00504644867604176
0.00804078307030487
-0.0103146257108939
0.00152006023263773
0.00118426024499074
0.00268629614073213
0.00246503527639774
-0.00267967361162835
0.0087626121698765
0
0.00826450984989346
-0.00486567492631007
-0.00702279966569597
0.0199805790717185
-0.000314053915169588
0.00886022370002415
0.0042458511461807
0.0203556355841275
0.00786690895342979
0.0178229440298177
-0.00991776452270443
-0.00409488712019979
0.00269851745385008
0.000798164264661949
-0.000399002499059442
-0.00309767921945259
0.000700315170435672
0.00279636654807636
0.0076499305064015
0.00256993321240184
-0.0074312950359765
0.00327657543800353
-0.00516797015844261
-0.00509466163639782
0.00270040670174954
-0.00812319564830588
0.00722387008182146
-0.0053124968325422
0.000301462093425187
-0.00130699259544365
0.00321414499282913
0.00200360716196446
-0.00370983530711655
-0.0095887689016152
0.0151983198228018
0.00279301927204312
-0.00309273454477932
-0.0131759512386198
0.00414246614095237
-0.00698136087937762
0.00718299410921652
0.00522824436453018
-0.00200762966448842
0.0123828224935405
0.0115448516959118
0.0273857164591895
-0.00344234419097234
-0.00875468576845684
-0.00358163104914944
-0.00739734733934405
-0.000195407914642232
0.00107427130796278
-0.00656125352422166
0.000687521512127809
-0.0121500976096423
-0.0104901306631797
-0.0029167735036415
0.00422153607144082
0.00320448902296544
-0.00722459493963079
-0.00778450071674364
-0.00264227796004768
-0.0070462379866445
0.0272937189024018
-0.00539947317211631
0.0069937341714077
-0.0062921555908888
-0.0345547297210191
0.00434648309238161
-0.0141433305992287
0.0093819097415575
0.0140121806298219
0.00398223837639344
-0.00613310723447835
-0.0106170146389837
-0.00197085277216713
0.00662322611588761
0.00534925666045805
0.0010254307707398
