"Value"
0.00722869120961045
0.00522536026354992
-0.0164196878665073
0.0118500399174954
0.0136488377654023
0.00386598818203066
-0.00193009493073459
0.00834037986634995
0.00255265236519131
0.0201899806461197
0.00311718835587715
0.0209496676201262
0.037696171546922
-0.0201667761402535
0.00835327850355405
-0.00955232056475541
0.0154765141224669
0.00118063879654073
-0.0232767409160979
0.0114071540896252
0.0294139128939679
0.0149600165930726
-0.0225257309808087
0.00466388226643666
0.00232288141614001
-0.00757011245754002
0.00930781291807792
0.00289193743820393
0.0160369989098172
0.00961183972812574
0.00561169204335954
-0.0209215528861231
-0.0331146298527978
-0.00473654383364686
-0.00595240419628507
-0.0174660519066308
-0.000606746573577066
0.0030358763400038
0.0168254130985259
0.0100810958681508
0.0404679869901026
0.0388938257022802
0.0342829797095354
0.0120397212670169
0.0231424154370363
0.0246066242239853
0.00692044284457349
-0.0254449349227301
-0.0116909225114985
-0.00307220407079933
0.0218125068718331
-0.00704938028953528
0.0025241507317153
-0.00302877566216075
-0.00659480212899144
0.00608830380959269
0.0120665211199551
-0.00903621332203874
-0.0172944430877635
-0.0429835920218795
-0.00429415950824241
0.0107010208530487
-0.0101623811890912
0.0202242124626264
0.0428002598554591
0.0105441224469573
-0.000498826489076176
-0.0110553978701109
-0.00659146407771249
-0.00203666390019919
0.0146734913124091
-0.0106043030823675
0.0215934334406613
0.00841044122993884
0.00931529533404563
-0.00342293573758301
-0.00984261464462488
-0.00993885711250453
0.0520664619499303
-0.000473512163843282
-0.00523264175437888
0.00333330595072612
0.000948599366979774
0.0122716120611548
-0.0146478459831472
0.0221230265671437
-0.00279571486203745
-0.0136319906091509
0.00942070795532013
0.00793766439464472
0.000465752678870945
-0.0178241250288358
0
-0.0268601485776823
0.00484967379190904
-0.0136387997370044
0.00586799208904631
0.0202709800279575
0.0370492497634705
0.00275862649775371
-0.00367838771948836
-0.00600954191660197
0.00139059606030756
0.00646056700294428
0.0177795493691812
0.000451050869414438
-0.00361846810630295
0.0312371894563901
-0.00131826933307266
0.0358654248347121
0.00929453247924972
-0.0182485923728035
-0.014234285692631
0.014234285692631
0.00937773922895735
-0.0110922714720454
-0.0265182518520106
0.0122607576258762
0.0185383256133731
-0.0343281273460083
-0.0196449315080023
-0.0316025730581706
0.019355457225152
-0.0128619230956208
0.00184757694871607
-0.0083411110782472
-0.00794136682415791
0.00933713599594022
-0.00652832642371681
-0.0328046904331591
-0.0314213626894357
-0.0140635278721049
0.00252508649459404
-0.0147389887339417
0.0337316787713395
0.0205788741816546
0.0173081243793374
-0.00286396377142895
-0.00767758089903436
0.000480809248197378
0.0176581128962066
0.00236163676468326
-0.00662881717368524
0.00142492364007207
-0.00761908447643966
0.0118786901632757
-0.0292368887730334
-0.0316247948575055
0.00650571001781319
-0.110639132178284
