"Value"
0.0131566174725717
0.0138600832761608
-0.025110550034225
0.0130211622184984
0.000331656627881038
-0.00754469350493281
-0.0183202651281129
-0.00991743665734601
0.0112776726412771
0.00958239675409001
0.0180124950023344
-0.00320070909526304
0.0333744763967627
0.0135926484834079
-0.00932506492344354
0.00974687237459904
-0.000949317090438218
0.0179883536882905
-0.0242340734569035
-0.00233893366249749
-0.0166357472118359
0.0303780353591718
-0.00105042026465174
-0.0171723532956989
0.00160247884300224
-0.00277926421550001
-0.00310908854039571
-0.0182039916966916
-0.00218938237427357
-0.00825314175672043
0.0157863396722013
-0.00326833279278693
0.0511568817664432
-0.00145258377896518
-0.00270326635820739
0.00519211965995803
-0.0119824304202827
0.0198231803796567
0.00767777738918962
-0.0172808250109004
0.00310784462309543
-0.00945707230175419
-0.00828314041255229
0.00671566007698177
-0.00513762597959211
0.000735564578954406
-0.0185534078957481
-0.0128158557718971
-0.00293080264060874
-0.0015230638279311
-0.000871364830212773
-0.000981193864492358
-0.0181613048460441
-0.0171403961065018
-0.0101074053356114
-0.00137064556009925
0.00387862681085283
-0.00742818111877908
-0.0170054418994554
0.0167760051656276
0.00811293943133284
0.00623973889034524
0.0244663938358722
-0.00708830080494183
0.0124815228368851
0.0071096826687671
-0.0139386551268146
-0.0142477922219015
0.0138056078238056
-0.0132452267500209
0.0196378419287475
-0.00131926140506256
0.0122459435438893
0.0181989624084098
0.00574591919238765
-0.0194992250514336
0.000648929289482236
-0.00314040000362059
-0.035885716450704
-0.00767411507970239
0.0186312908942825
0
-0.00501645330449518
-0.0110125846080451
0.0059708395716962
-0.0109549912579721
-0.00272913519403639
0.0176076783717338
-0.00179171380518683
0.00503103526383786
0.0147232415528937
-0.000329724682879728
0.00438741517655883
0.000765822476025857
0.0063229252407675
0.0330281717669716
0.00220553573624738
-0.00346802932845058
0.0209393556012918
-0.00402872297396462
-0.00155384088859245
0.0250819311109236
-0.00466154066661506
-0.0147347391119421
-0.01244700231041
-0.00334553370067114
0.0218559634569355
-0.00256476160083796
0.0128599445260291
0.0219656792930305
-0.0179175005028451
0.00503728649264801
0.00451196433968093
0.00219846196271867
-0.0133650183128449
0.00111217846760692
-0.0204172057632284
-0.0320681361067869
0.023054866074959
-0.00104123291373082
-0.0230791633632665
0.00138496799424503
-0.00277185678538494
-0.0163602831052065
0.000433980694670488
-0.00674795769086245
-0.0137447872782341
0.0072807823004517
0.0139709759878164
-0.000325220882047006
0.000650336029857979
-0.00282118242671991
-0.0259783458868093
-0.00761226109518542
0.00202065627801717
-0.0065256757228469
0.0382042807432241
0.0516626307811596
0.0091409253540764
-0.00132999149995205
-0.00163934462943338
0.0126351793039627
-0.00273764429536794
-0.012567215205971
-0.00960800820610741
-0.00572590185506883
0.0150254109071022
0.00441275281194864
0.0104915655504016
0.00857594924649252
