"Value"
0.0289479525090708
0.0160217045312656
-0.0413740232397668
-0.0260118147680886
-0.0177248779902466
0.0111861197961565
0.0217246518237739
0.0127566899081164
0.0220747483884107
-0.0116579875301546
-0.006840907783773
0.0182293172020378
0.0499578114930066
0.0020497060724729
0.00357690723726112
-0.0326623124626013
0.0475974084487532
-0.00276764549541841
-0.0231946169804678
-0.0448269091168516
-0.0460834745738419
-0.000282445984083779
-0.0315664659678347
-0.0173508249259244
0.0117960671845849
-0.00942569570435614
-0.00088823099844193
-0.0176308167687953
0.0167417961145979
0.0103230528875558
-0.0282714856493103
-0.0272312986733771
0.0208724581704418
0.0105757142215164
-0.0114874298294199
0.00606246173255531
-0.0309983389352073
-0.00124766079815508
0.0167134809737406
0.0578402630413279
0.00548896365846785
0.0486392425180626
-0.00826678722767493
-0.0221018928215009
0.0226551431813937
0.0024858457767083
0.0128821844516058
0.00678520719625109
-0.0290909647105493
0.0105264129869873
-0.0191965833669938
-0.031096500748073
-0.000869691314419718
0.0263323743442365
-0.0374144358502577
-0.0183491386681967
0.00773583149654788
0.0106133071716488
-0.0468272824985791
0.0714483668889274
-0.00315231669551697
-0.0323785029107433
-0.00415924544935731
0.011837960083823
-0.0377742751949355
0.00426829916303895
-0.000304275067006365
-0.0094787439545434
-0.0108109161042154
0.0338911996552254
0.0362604205129444
-0.0255108395455497
0.0011872960729864
0.0117960671845849
-0.0255358293286911
0.0083857933762741
-0.00898747811163458
-0.00633964387452091
0.0327702841314963
-0.0159530709740836
-0.0466334682827156
-0.00500470234471262
-0.0186743834758589
0.00318979536810016
-0.0336819403867783
-0.013930573535947
0.0145891181761444
0.0643739256306568
0.0122700925918147
0.0368139731227162
-0.0258981582457203
0.0220706841193103
0.012021842483954
0.0824835083030839
-0.0674412807955327
0.0156676043537298
-0.000848296389057701
-0.00567377408590763
0.00454159168362089
-0.0395719501342149
0.00909230490215407
0.0484425194588218
-0.0173966227960021
-0.013105600683494
0.0142371425298293
-0.032469451943848
-0.000292098731447421
0.0130606993702473
0.0287073855897275
0.0188737214968286
0.00685028024746703
-0.0181873296429451
0.0214588701835603
0.00488732984767193
0.0227617270897138
0.0149786008931332
-0.027500410967729
-0.0313163780449961
0.0208055684371335
-0.00380022172872607
0.00785592554403269
0.00913248356327268
0.00373632673787672
-0.0142188847602984
-0.00189317162697078
-0.00379712959620848
-0.0139556239499066
0.0285229168885981
0.0193614322808293
-0.0279682632490545
-0.0108637678989871
0.00788797779554251
-0.00135556480022947
-0.0345004549519912
0.00224404021238245
0.00307735590458602
0.0146959528264556
0.00274876478736186
0.0342674834334926
0.0310770537136911
-0.00955956123773083
0.01953789655634
0.0209101962956963
-0.0148188069022943
0.0474397250715604
0.0115164420615592
0.0132703369208964
-0.0435426570145498
0.0127047885288563
0.00894265778303716
