"Value"
0.0195155343312976
0.000276052451718911
-0.00710958167559461
0.00166651274566121
-0.0191460436344704
0.0143240758344048
0.0210630918676928
0.011132847932795
-0.0013510472669811
-0.0330782826299201
-0.0130340820343751
0.026268276391451
-0.00654893268983958
-0.00547488956285758
0.00204499048772799
-0.0112995552539337
0.0304300936123685
-0.0133897818515791
0.00387025916201278
-0.00831183211567765
0.00959859699910837
-0.0252071198691368
-0.00122531708624507
-0.0218343040144529
0.0110244130502579
-0.00880978598363313
-0.0130695504760601
-0.0146260275997401
0.0267332993256408
-0.019442626637745
-0.0114523909419217
-0.00318249895661804
0.0118825044000186
-0.0237062894416429
0.000705325234540588
0.00140915977017553
-0.0114310080879889
0.0296704134081107
-0.00177935990007771
0.0206616897299332
-0.0302054543851122
0.00239449381095547
0.00467267341213695
-0.00816656266639271
0.0359461267734691
-0.00396308092041853
-0.0078759705098177
0.00292426370779708
-0.0159924919358136
-0.00585232042791706
-0.00608693193046417
-0.0186902445218395
-0.0222735543336947
0.0107862485278374
-0.0231670592815343
-0.00656712454436192
0.023006424660859
-0.000831168879019462
-0.0101332807545114
0.00481827684024694
0.00437911240935929
-0.016997576368571
-0.0105314520523416
0.000427670272743264
0.000854792230698731
0.00521971890836426
0.00381760802994524
0.0122029707010172
-0.0046112007928043
0.0307207279071102
0.00162849908763452
-0.00827168361904862
-0.0151885959584503
0.0199965434331615
-0.0268916814906102
0.0147765435748632
-0.0116364949408085
0.00573127187525158
-0.000519669501898967
-0.0060479850671693
-0.0175146912378805
0.0182465643428471
-0.00765885294402668
0.0124550252075197
-0.0195363843978842
-0.00649111084689125
0.012518729159984
0.0434290307790688
-0.00252691295322016
0.0505187813934587
0.00326609320117122
0.0165497404835051
0.00197898570924604
0.0283094685884011
-0.0374834110201627
0.0155553454685089
-0.00046783626584368
0.00224362064762751
-0.00731024811226977
-0.0202391819834684
0.00717328885277357
0.0299482602384273
-0.000925326243501168
0.0104066878312077
-0.00348752189019397
0.00357913473437854
-0.016720171515348
0.0158953536158615
-0.0286451279014877
0.0221142671777308
0.0198279601059701
-0.0134804846752266
0.0161910031399239
-0.00751712999514531
0.0177506124796896
-0.00169832443055373
-0.0139635618663281
-0.002270560895556
0.0198953314772048
0.0086088838764935
-0.00620514356931068
-0.00543891492791726
0.00365892157791503
-0.00957715979889606
0.00538166156707653
-0.014506719237664
-0.000817178962257969
0.0120983779766508
0.0154061553744036
-0.0191824590888103
-0.0261936033906975
-0.00565680555142389
-0.0144251283632713
-0.00909872640447951
0.00598036810148539
-0.00426803891597327
0.00634802453870442
-0.0176270582760969
0.00909053674134963
0.0163450188043202
-0.0111196019454747
-0.00189699383454833
-0.00351895365267119
0.00551070278174226
0.020445239965877
0.0140120286621057
-0.0142905672647142
-0.000929022734972307
0.017322832510648
0.0104503654500663
