"Value"
0.00645580034287097
0.00769234562315591
0.0252220179559584
-0.00624611649695295
-0.00376648279547664
0.0272969802056706
0.0121656001636885
-0.00363416511421955
0.0024242436115065
-0.0109556786609755
0.0133740595252569
0.0226875402667948
0.0117372239457256
-0.014101291240606
0.0117648415795863
0.0173917427118688
0.00344234419097322
-0.0184976372418224
0.0139052066676122
-0.0256424306133378
0.00117994113984876
-0.00828897581895482
-0.00835825761420139
0.00119832249210861
0.00119688823384623
-0.00479617226349305
-0.0157483569681394
-0.00489597061220648
-0.00245700369305224
0.00735297430525872
0.00729930248161148
-0.0171153322192676
-0.0174133753251979
0.00874459038875131
-0.0315882233082183
-0.00257069550310085
-0.0155645165411116
-0.00261780254207888
0.00783293822118702
0.00906155067757464
0.00770222036209267
0.018999938244904
0.00250626697605938
0.00748133165228859
-0.00998759862834797
-0.0151709610078066
0.00254453063499449
0.0151326973488715
0.00250000130208461
-0.0252857972286731
0.0165062962920688
-0.0248648191998324
0.00963811361338873
-0.00256082086167364
-0.00966294651097899
0.00773699048365373
-0.00515133672438983
0.00707524146755967
-0.00643090356439524
0.00771418500459919
-0.0141867129161937
0.0173816038127126
0.0214654923246744
0.00994415646908875
-0.00931874246160902
0
0.00186991105057954
-0.00311913045101164
0.00374099374882952
0.0117622081712665
0.0219120361897271
0.0107785577912076
0.0177100427662378
0.00699711962392691
0.00348028516510857
0.012658408525545
-0.0155587335280694
-0.0229075831746015
0.00710483235425219
-0.0136612822166557
0.00238948739738154
-0.00119594158344327
-0.0138338646485576
0.00121065507344387
-0.0103385687129123
-0.00921002648040448
0.0189444193907686
-0.0294861656544634
0.00124610608024689
-0.00938487182624526
0.00501568952760101
-0.00690207040098167
-0.000630929472736685
-0.00315456400674519
-0.0204370029325669
-0.0071210511928208
-0.0263346634784356
0.00863612601570241
-0.00132362693050814
-0.00731249908519427
-0.0134320498255964
0.00740887038801263
0.00602317943758379
-0.0107311674805595
-0.00405406398933605
0.0167856330701999
-0.00534260853454871
-0.0127980397619623
0.0208002243322696
0.00198899010261044
0.0118578589494782
0.00196375697455364
0.00845980103511801
0.00517131616188671
0.00193339934410686
-0.0162193714346568
-0.00590254565261406
0.0124214803618896
-0.00979335795561997
0.0143304230409362
-0.00844332412141169
0.0065019802554831
-0.00911465592866323
-0.00393185715643485
-0.00724774559702279
0.00264200946283877
-0.0112781354785412
-0.017497100480337
0.00271186901044151
-0.00271186901044151
-0.0122952502948079
0.0183877259074015
0.0325275447325226
0.0168397936277027
-0.00386101263277183
-0.0274527331210366
0
-0.0671485805578333
0.0409626849950482
-0.00545486258994021
-0.023530497410194
0.0048888703109915
0.0165864386701275
0.0102274499029114
0.0101260563531955
-0.0135228711397821
-0.027607028731834
0.00349396289442572
0.0172824307210835
0.0163158113625674
