"Value"
0.0107351233594399
-0.0235927600339614
-0.0141559492301324
0.0208270880471546
0.00221385966002074
-0.0233804486440641
-0.00658644216167881
-0.0031952554858532
0.0211486536427721
-0.0015679250608267
0.0251244469913252
0.0162622837986621
-0.0135334713210802
-0.000109009647461189
0.00673622712368438
-0.00151712209419896
0.00465242927363541
0.0121239616068483
0.000319880580645471
-0.0133077731267579
0.0132011576354261
-0.0190522957935246
0.0260646492201961
0.00348782259192371
-0.0100737822374843
0.0111283009474574
-0.00137109128687962
0.0217150196609039
-0.010694178646625
-0.00481323520013488
-0.00178468369242779
-0.0156733061211551
0.0185063178265636
-0.0026228835264468
0.00774386456664233
-0.00135607385304137
-0.00010438958201453
0.015537913592536
0.000719239691935325
0.0106253553789366
0.00415801014866357
0.0202371161982526
0.01564607562928
0.0071991749787399
0.017298144182635
-0.00372262158528169
-0.000286930325721357
0
-9.56617401604021e-05
-0.01067574457654
0.00540020598749358
0.00201758246852268
0.0151453102137413
0.00828473953462261
0.01682743187967
-0.0204906116675225
0.0035694195327558
-0.0187399010505667
0.02853704029555
0.00176260540090567
-0.00334231116081352
0.0217099870563979
0.00833715748940111
-0.014819126594622
0.00702782064715812
0
-0.00812752750285473
0.00210671019066666
0.0165158019073353
0.0362358484540453
0.000780877225050602
-0.0152060956702424
-0.00397053506148115
0.00264877428394961
0.000705156485808267
-0.00476948439903513
-0.000708528946477216
0.00785425208739632
-0.00414006316953408
0.000970488408254866
0.00589090374615431
-0.000701569791119461
-0.014491726617349
-0.0138922243181545
0.0143371631464078
0.00753382690355231
-0.00922564868636844
-0.0238997712818971
-0.0114748585472322
0.00534071251032397
0.019011806539786
-0.0267559219448605
-0.00612701508276992
0.0311694496624568
-0.0219006837049234
-0.00406767686684262
-0.00445641810775399
0.00278758775567844
0.0127237563872127
-0.00247672465274285
0.0051300955310305
0.00945805522679599
-0.000181044627995064
-0.00217509601795207
0.0113668341586575
-0.000717875120563427
0.0168235753922135
-0.0216827588937383
0.00198251844693953
0.0096757608476814
-0.00232080796839984
0.00632490639105399
0.00672628432057376
-0.0013239774209941
-0.0029189353350576
0.0161676485375954
-0.0180295988028796
-0.0311877462841643
-0.0277576419320855
-0.0406337415076505
0.0214352807200644
-0.0337658931775433
-0.00767203484136836
-0.0421856964937706
-0.0646428562620858
0.0212527957371198
-0.0282891792665692
0.0518703526948552
0.0149981687621432
-0.00472863803394485
0.040459594755641
-0.0261325523060401
0.0353956068601184
-0.000701789592190138
-0.000300917801558498
-0.0304550705436868
-0.0102916860365472
0.021604023865275
0.0339799478936151
0.0108141046001222
-0.00549074818041628
-0.011768913962114
0.0335533016286309
-0.0112219422791915
0.0126639035960929
-0.0057803629154991
-0.00261210422792502
0.0212773984472845
-0.00627855943793332
0.00333444790445192
