"Value"
-0.0100035730112475
-0.00633284630844599
-0.0151733589125174
-0.00960161001022053
-0.0192383870885
0.00832521948483445
0.0221856217787035
0.0163220654877998
0.00701429109202678
-0.0126613649223448
0.00705387359339982
-0.00823437190072074
-0.0311925480787374
0.00897737437717394
-0.0229670490916694
-0.00868815195763784
0.0197488521593456
-0.00982567472670803
0.00762330016709978
0.00220237455960826
-0.0212458584269388
0.00894860557601396
-0.0187341559987324
0.0244096801785765
-0.0131271234882648
0.0109101007794603
-0.00345850147103954
0.0283014741741638
0.00742963273779029
0.0170458672729885
-0.00612198756860582
0.0177907314029833
-0.00488429858091299
0.0196243167198324
-0.00941777949680356
-0.00648300487807862
0.0193242728264029
-0.00892556560550428
0.00687287928776215
-0.0154150067226486
-0.00208889480622254
0.0117797874449828
-0.00737500461897156
0.00966858360607059
-0.00206398422085119
0.015942036558144
0.0185791578100889
0.0103696461459886
0.00438020849256127
-0.0114286958236227
0.0138296573611609
-0.00875854077216154
0.0135432388954979
0.014859754423616
-0.000855432045321347
-0.00945836801852362
-0.00108049713375369
0.00946854502441141
-0.00171489859819607
-0.011436093997014
-0.00108565855848575
-0.0210765211265929
0.010813301876424
-0.0030776019015688
-0.00618376528802278
0.0110157536044855
0.00785687149521985
0.00260529891176331
0.00108354111803921
0.00345946290965937
-0.026242485589647
-0.0319703049636866
0.014761253606943
-0.0239546072556309
0.0055261480719766
0.0231512836599523
0.0053703418395874
0.0106549287700708
0.00835536962878525
-0.000438020155930197
0.00502568522019242
-0.00152688436251935
0.0102074944268251
0.0030204985208151
0.00879362234915959
0.00213310661087585
-0.00384287407163031
-0.00729930248161148
0.0117812222667566
-0.00812491106364632
0.000643845928455011
0.0149065792584069
0.0202749938614111
0.00208982167741345
0.0166038456253674
0.0145109964086276
-0.0031908836112744
0.000401929265861245
-0.00705719230999913
0.00826201173284913
-0.00301477466808997
0.000181143012903728
-0.0178483707390709
0.0067381571939773
0.00547946576462532
-0.0289518219497675
0.0155041865359653
-0.00989494777145472
-0.0202999541745146
0.033062581092667
-0.0206452812679938
-0.00548577590130384
-0.0233445535646992
-0.00495530476436912
0.00280384093964203
0.0053700053865251
0.0176244077804748
0.0125498405125324
0.138740210133809
0.00631258296064718
-0.0304851571016753
-0.00390008851679857
-0.00541096571629085
0.00968169915949701
-0.0156865961676993
-0.0041493835468116
-0.0181181651136417
0.0122419279412656
0.0182730901492048
-0.00881228164497561
0.0127247225928255
-0.00279303784588514
-0.00598468216016412
0.0050519332817931
-0.0116389524877101
-0.00834286219415681
-0.00305110839289657
-0.0257292459658189
-0.0278182054765308
0.0470327704211559
-0.0278743317166605
0.00512619419072413
0.0169644314090878
-0.00581735206591327
-0.0121308472533075
-0.0184767350264048
0.00619692138024508
-0.0130379943381298
0.0142329755597967
-0.00179300775199875
