"Value"
0.000378429522018386
0.00547119561181386
-0.0284343171202623
0.00636760472792997
0.00249735986102007
0.000191846523370121
0.0233208028273535
0.0119226449569063
-0.0106116605945945
0.00652926487103889
0.0112786625941506
-0.00110375287143771
0.0113471202861986
-0.000364033495101168
-0.0135632577765064
-0.00573703803585923
-0.00297397988712689
0.00427232004910705
0.000926354860130818
0.00351234301374825
0.00918448778065839
0.0154226045199723
-0.00704673617914198
-0.0197772423055977
-0.00817089039908003
-0.00186636858954348
-0.0082536578097101
0.0225356403443095
-0.00702276033583793
0.0277998882775963
0.00108166587074088
-0.00923167023266558
0.0072477215252893
0.028827618998478
0.0440932562416458
0.00167700861036879
0.0210569000317755
-0.00790648164215924
0.0164018766337968
-0.00701986394271659
0.00685716972613681
-0.00211743706444611
-0.012799649638791
-0.0183338468623107
-0.0152545330930645
0.00765635386199337
0.00742995650378386
0.00670693325671845
-0.014475930279092
0.0138072575694559
-0.002679171060048
0.00668451686872329
-0.00200066755629713
-0.0434888205951842
-0.00682118954401778
-0.0102311705657487
0.000531773477035369
0.0146013676889205
-0.0181518773658587
-0.00731819419593416
-0.0131640166235512
0.000362976410518634
0.00578977553656967
-0.0237324026228269
0.0104751486190491
-0.00549955556603887
-0.00405231720494781
-0.0216426357960695
0.00188430430729891
0.0143914267772272
-0.0121349384184946
0.0139888507032846
0.0223452520657577
0.000181110206055379
0.00433683368562354
-0.00288913165934312
0.000361598268268537
-0.00543775130012891
0.00868626525596028
0.0229772331369524
0.031033087510246
-0.0116759568206377
-0.0107658619265596
0.00713232561640798
0.00966024417701217
0.00752526212443305
-0.00683880251278479
-0.00447043385494128
-0.00535638429684715
-0.00225479238708903
-0.0139886876292397
-0.00388144453427719
-0.00780838040095588
-0.000534616425457379
-0.00196270916784869
0.0177027104861063
0.0395648438723679
0.0109034041692406
0.00200000066666739
-0.000832847553762672
0.00747077434989007
0.0204640029816638
-0.0122280809545847
-0.00691360778481842
-0.0126331467377807
0.00317328032462649
0.00100000008333367
0.00183074029663111
0.0221993824049953
-0.000325309046460109
-0.0107950017868998
-0.0152447028556475
-0.0356937959466843
-0.0178077331470519
-0.0138349138218326
0.0335442812181475
-0.0590498692987573
-0.00403892599724909
-0.0180051267708485
-0.0120596901559189
-0.00589411346067648
0.0248600373193946
0.00685886459399265
0.009560653813661
0.00965135416659235
0.0275263134347323
0.0174768516817978
0.00207684394483909
-0.0202591630280295
0.0152327203454119
0.0238658421416571
0.0194898642316135
-0.0184723976354424
0.000847098737651653
0.006414606735198
-0.0128706264408005
-0.0023890796346393
-0.0254360975177756
-0.00439097921631815
-0.0265778597724782
0.0118599772907499
0.0115443960384063
0.0187182933883401
-0.0535762961553727
-0.0529402889953725
0.00557532925508886
0.00172397322652307
0.0234548296982382
-0.00243331893579057
0.0117374426228274
