"Value"
0.0189223336992814
0.0127121979461204
0.00205523279632791
0.0185871338519323
-0.00635060897712103
0.00318103860091323
0.000288180447288511
0.0014424244086193
-0.00665077674961267
0.00722605845990421
0.0202435176199036
-0.00480884089474021
0.0104383583001377
0.0125507267782905
0.0186707481870503
-0.00791942907642307
0.00410453801985389
-0.00328228153081822
-0.0196442002554451
-0.00588350138259841
-0.0107394178171085
0.0169018412749788
-0.0225989584922779
0.00655039099137378
-0.034655519855328
-0.00944843836702125
-0.000296217391551057
0.00473606905586088
0.000294818008712117
-0.00859950389411646
0.0100751217758193
0.00117808048755519
0.015195641630692
-0.00116030381494214
-0.00348901121057432
-0.0120187903195417
0.00880804698968074
-0.0381344066603746
0.0387193279125682
-0.00146364729642556
0.00989913397028763
-0.00493731792848662
-0.0164361940742568
0.0108900049385676
-0.0079353907646027
0.027358664867474
0.0190531874081921
-0.0153281735408002
-0.0129540466459686
-0.00785458949236251
0.0188047954616595
0.0119659711057238
0.0246162185786698
0.00276027030920867
-0.0127562546753794
0.0122045451225654
0.0172219211603211
0.0134582977586657
-0.00697658528853085
0.0661532124481177
-0.0129361452390762
-0.0112970765491065
0.0229731530257924
0.000755505601130579
0.00352419546649418
0.010000887355007
0.0121149731715393
-0.00394071246491867
-0.0196838244422706
-0.04214314975667
0.00104889853245016
0.0125066820420643
-0.0159218425323822
-0.00395287439361081
-0.019200589856617
-0.0468552360583847
-0.0082156119939838
0.00934454765220805
0.0351686640111439
0.00947918754378163
0.00296100528717602
-0.0405864403311824
0.0246029933712322
-0.00987934259540335
0.00357836976835779
-0.0219479535983291
-0.010731998776055
-0.00426667605303432
-0.00142719417626713
0.0468574491173075
0.00949073710157089
0.00323363674962573
0.0194499969803794
-0.0194499969803794
-0.0070199098513597
-0.0255179992621715
0.00416031848337717
0.012103817294987
-0.0201632243599685
-0.043627771051955
0.0141800832718992
0.0105756192823763
0.0247143493230224
-0.00222071836699866
-0.0173873179817434
0.0243130709844883
-0.0730042527378822
0.010340418059581
-0.00117600151906316
-0.00501597749244009
0.00795409648894596
0.0151439261264072
0.0287732776538601
0.0266017348716039
0.0306970791089758
0.0150022553144877
-0.0142070266443493
-0.000795228670138481
0.0015898254540998
-0.020867530880003
-0.0188298645735574
-0.0200340590331161
-0.0213045978597792
0.0153849188394792
-0.00766287274556898
-0.0286105340412659
-0.00352423272252933
-0.00442282897000235
-0.0224124128045018
0.00542496809686455
-0.0508662582490591
0.0113208756244818
-0.00375940292390542
0.00188146809970524
-0.0151518050206021
-0.0202416549524291
0.0116167811706691
-0.0214015950506674
-0.0069067862132548
0.0196084713883762
0.0418311938451286
-0.0140649294674033
0.0149955949603564
-0.0102852706601735
0.000939408241936057
0.0222850447894349
-0.0431586679321878
-0.0391056670388372
-0.0242191454314251
-0.10320644192655
