"Value"
-0.00638526468867218
0.0155370357089901
-0.00468275264503371
0.0215910882945805
0.0150447332772514
-0.0194180858571018
-0.0116010581827619
-0.0178954622613099
0.0635134057223259
-0.03355563065753
0.00505980840302644
-0.0173555206707534
0.0480785153380814
0.0420403843511279
0.02089785813566
-0.0238886742937057
0.0226344935273004
0.0124715813135907
-0.0124715813135907
-0.0440430309164817
0.0614600169104835
-0.0228700196406146
-0.00463744507324293
0.0235943714702231
-0.0132947533582009
0.00915909816670668
-0.0479616637077904
0.0423512593810593
-0.0178707583621693
0.0199523577815865
0.00249221312795944
-0.0139950064854832
0.000420609890533274
0.00607904607638243
-0.0100820009633029
-0.00933198712933425
0.000213060616551353
0.035987146932499
0.00737104074458994
-0.0100462146828417
-0.010148166205342
-0.0153123075687263
-0.0119074339083607
-0.00902455630613908
-0.0121608447630059
0.000436872003453104
0.00913049821317102
-0.00978587781063256
-0.00416074179575121
-0.0192761036562681
0.0113447996869906
0.0251187171650371
-0.00432339627170686
0.000216614319053399
0.0419909017252369
-0.0252379325898624
0.0196146750355006
-0.0121875851918856
0.0100968463997764
0.00750629045726248
0.014231445718643
0.0220768459876033
-0.0124976430125279
-0.0065120295246226
0.00346479506915376
0.0141416498146718
-0.0351128130928293
-0.0424421857452888
0.0060514556833553
0.0413648335818073
-0.00663765141859018
-0.0186960597471315
-0.0279527982394119
-0.000654378908725661
0.0389437315791783
-0.0126717640688221
-0.0162849109882095
0.0143702204766618
0.038024217267933
0.00409165873624762
0.00183579857779037
0.0125558555124172
-0.0164353907508894
-0.0292703823001133
-0.0118670602228601
0.0131302182855517
-0.00781501495674819
0.00021202162700007
-0.0220778445505627
0.00583470050747703
-0.0123578808466003
-0.0218334839016792
-0.00940867155698788
-0.00293023989672703
-0.0221394412992719
-0.00254188467307825
0.0167492730524463
-0.0192976353721428
-0.0194408277570064
-0.0111786156335634
0.00738714189730105
0.022768264361972
0.0181676837792826
-0.0499987337579744
-0.0653374346577347
-0.0139069972489754
-0.00964176850491993
0.006784994714228
-0.00888198106588423
-0.0158691507919726
0.00796605380904536
-0.0325253774955208
0.0089759884571512
0.0219612468305619
0.0486009315073099
-0.0438440515015364
-0.0116681249529869
-0.0242992517167049
0.0181453861423266
-0.00916695553879077
-0.0244014848746494
-0.0201857148197071
0.0262731713603888
-0.0262731713603888
-0.0634251979418781
-0.0403317707044155
-0.0155140043661266
0.0467520476563528
0.00667680780865076
-0.00424371658400924
0.0520827761034721
0.00345423486808727
0.00972269597852282
-0.0427328495859682
-0.0969152688746635
-0.0683853522496292
0.0118427019759353
-0.0395531783860217
0.0502300492274195
-0.00102827772556591
-0.0242983144787514
-0.0324970570627827
0.0488765833891205
0.0449475893721663
0.0471206884064372
0.0468065732206
-0.0133254545971493
0.0288481543376582
0.027174791253902
-0.034010900503521
