"Value"
0.0307043582092197
0.0302912057784503
-0.00284566646667361
-0.0195512130899527
0.00162261447275469
-0.0110687989248044
0.030588621025859
0.00367524636879857
-0.0119098950350001
-0.00889874086956954
0.00102101599952942
0.00186915942270449
-0.00895261127211455
0.0123421577763718
0.0190210602892975
-0.00332557672637712
-8.3281282579506e-05
0.00664068182873923
-0.00805752583789676
-0.0112389004856919
0.0124058590243896
-0.00584845847823079
0.00242708408887715
0.0134508836347793
0.0238775961191546
0.00201118285079271
-0.00305859864973002
0.0117803982869678
0.00191022025611876
-0.0319128749690289
-8.20984360707655e-05
0.0128076148075769
0.0136056520557784
0.000719395738631334
-0.00560898906418217
-0.00426783270498809
0.00499075333569277
0.0230971813778185
-0.00322213332329824
-0.00110262277848339
-0.0045810047729562
-0.0145929785536918
-0.0032182826071665
-0.0112647570696618
0.0140009570706736
-0.00257503964610972
-0.0108555829486816
-0.030265250299939
-0.0113138660393526
-0.00647416862259043
0.0121471020025243
-0.00143635697036526
0.00942529909427137
0.00567946068532965
0.00895454121990813
-0.00753970181781582
0.0179680099782047
-0.0209665129744607
0.0050755194867218
-0.0165694167348276
-0.0171060721946015
0.0124543109413198
-0.0233286737307479
0.00941406961234748
-0.0124558309634013
-0.00803989299762975
-0.0209246042000206
0.00634128860987726
-0.00634128860987726
0.0129964442795307
0.00185553399825533
-0.0258430799151492
-0.0223513930694441
0.0189940104864963
0.0251314608645181
-0.0261317792310214
-0.0217059933670702
0.0227063117335735
0.0414834735678564
-0.0109597344442172
0.0261902123064708
0.000600987354427041
-0.00421451619393132
-0.0232822130843804
-0.000970916709839287
-0.00540135018409327
-0.0134074228620502
-0.0139545577222542
-0.00338193275129317
-0.0126228238888419
0.00370199404743321
-0.0184603414979954
0.0129021984257687
0.0212314394866731
-0.0159504710824558
0.00460957762829928
0.0357761731652833
0.000975739643653384
0.0271137826944745
-0.027468486963512
0.00883007944827163
0.0244031040558896
0.00410959482491968
-0.0201957325765436
-0.0146667539326852
-0.022637749244832
0.00694415921180092
-0.0078495463266135
0.00937619562855474
0.0323149862562868
-0.0435044190090226
-0.0106738230005243
-0.0200099311814848
0.0297759011918286
0.0171098275664612
-0.00689874169115701
-0.0194268999942722
-0.0137525818819819
0.0111825942352368
-0.0265415775590521
0.00686576879950085
-0.0641574271433107
-0.0383016872559789
-0.014539244661679
-0.0381213282347006
-0.0258343543221202
0.0127233859262352
0.0611920162196697
-0.0195940114614812
0.0235502893964195
0.0276685341331393
-0.00638785442072987
-0.00101770820915004
-0.0403087705079206
-0.0230560853694
-0.0104690160088077
0.0394441547021129
0.0200319687463129
0.0157822501030882
0.00193001228074863
-0.0175056934923772
0.00689551438036151
0.0747744166968829
0.0401098346464499
-0.0167807736333954
0.0167807736333954
-0.0183626843527112
0.0076998385891347
0.00304498505170159
-0.0216063536410065
