"Value"
0.0160795053743481
-0.0203636961470308
-0.034024932305079
0.00369481299699448
0.0346143100807672
0.00851370875001711
0.00791630486486339
0.0190911733740533
-0.0162915215016595
0.0156036452922486
0.00223386981802953
0.0289286856491295
0.0620654806998373
0.000470035261297852
-0.0176995770994011
-0.0381880832338175
-0.0502737886287896
0.0720654267317968
0.0213268726136766
-0.0188987046865217
-0.0154789241226458
0.00670978705874559
0.0206625591620133
-0.0115701113937128
-0.00145572205246136
0.00307070948358001
-0.0134840805113274
-0.0203228803668551
0.036063570475378
0.00657949898206445
-0.00948179060330645
0.00354610300675073
0.0312055097846322
0.0140923741397083
0.00215053846322855
0.0510017066904851
0.00538065720453673
-0.0397952073675611
0.00586864975296786
-0.0209225339775916
-0.000459734894313168
-0.0273478820946047
-0.00204998889106012
0.000315656568277589
-0.00347771453892554
-0.00285442629584898
0.00332937287328816
0.0195915677766116
-0.0118658691216171
-0.00946827335337419
-0.00142800500268114
-0.0223176959739266
-0.0310000091400506
-0.00959199613457029
-0.0177418505664653
-0.00656192995219573
0.0122257226606757
0.0251808826426183
-0.0277513578819599
-0.00550586387452245
-0.0288809781859545
0.000532623181699332
0.00442752870620611
0.0204642034301381
-0.00503342206492041
-0.012783643138945
-0.00814019713451675
-0.0219157325317272
0.00416856063538029
-0.0208340869028421
0.032342935386497
-0.0113280003052076
0.0172108945334219
-0.0182964745206196
0.00793368748507284
-0.0262023723940241
0.000552944443173331
-0.0051727438451179
-0.00352537706245704
-0.0257945205832972
0.00986912546297436
0.0155535787933032
0.00685632260628077
-0.016196947214866
-0.0139862419747399
0.0143615469144049
-0.004512982462205
0.00956586118327518
0.00186497629586846
0.0168133290914549
-0.0110539076903335
0.00885287965575499
0.00695336744849984
-0.00732067691084826
-0.00423378451101852
-0.0195591594272022
-0.00622702266882014
-0.0307539132251136
0.0102923522415344
-0.00290219803200964
0.0132809189102416
-0.000382482314856158
0.0183839158335135
-0.00659446572528077
-0.0260451336400349
-0.0113171939603109
-0.03575732984006
0.0337930785701257
0.00997758448520258
-0.0143125666432558
-0.0353734629725806
-0.00862959947496034
-0.0282534226764297
-0.196904123999528
-0.0422337772109218
-0.0455062657646197
-0.0417747620288553
0.0493643978983322
-0.00168161474605188
-0.0212623176519235
-0.00229489486833856
0.00914814841890843
0.0526583270190275
-0.0155084049573899
0.0392523508802185
0.0478732687380301
-0.015449211922443
-0.0164697495301742
-0.0318993700597279
0.00667470105882684
0.0280747810481117
0.0270562701097292
-0.0131814329316202
-0.0237553127739289
0.0010446592749469
-0.036686729848086
-0.0302386975476097
0.028883867371531
0.00917685252571143
-0.00376851051645044
-0.00405351183318237
0.0288250541366852
-0.0156439621552136
-0.0265382484541861
-0.000823610204415459
0.020927520105956
0.00776963051229806
0.00611948164836873
0.0173551555612725
-0.0250772016551828
