"Value"
-0.00713970521671525
-0.0162531911965185
0.0135626046832602
0.0208857255086929
0.00788300736261593
0.022434103835161
-0.00727830978677835
0.0145053836848539
0.0138796900356706
-0.00334594678414257
0.0174482315634923
0.00861256940271149
-0.0127383724493275
-0.0045602581197639
-0.0150693618105469
-0.0356330587447387
0.0237534031226843
0.0310949631032331
0.00165357732830174
0.0163871041947181
-0.0159734761355881
0.00781349081063754
-0.0215329373343813
0.0190719008429916
-0.00617988159647709
0.00782124537333662
0.0154600413373331
0.0120386763986078
-0.00279672908961315
0.0399909282169779
-0.00269448004297956
-0.0174937957797474
0.0289881822520051
-0.0203977243129554
0.00851852368761596
-0.0042501912155064
0.00886558402390758
0.0125829725280884
0.0180252829428147
-0.00672146322680822
-0.0212048967314606
-0.0158158120086513
0.00310683672688983
-0.0101286413231785
0.00818815514593574
-0.00623298082306301
-0.000781861357647795
-0.0106147678361439
0.0307470901531888
0.00535169800337032
0.0196306913209621
0.0185190587421218
0.00146681447161168
0.00657416922869825
-0.0172582368349858
-0.00967510914464409
0.0258400650024493
-0.0187603239858527
-0.00820288459528573
0.0233134032006954
-0.0391628011506233
-0.0153318543811523
0.0588742245757969
-0.0135663348668422
0.0337544754358783
-0.0278656069557437
0.00329789734268626
-0.00844875797352618
0.0394187698693735
-0.00997756529747917
-0.0331367024630183
0.00406370769934217
0.00990711598951943
0.00291651853341213
-0.00328109779312413
0.0213191153119285
0.0219245115255955
0.0421228626387653
0.00234413166302527
0.00467290819494659
-0.00333556191078799
0.0165676508280543
0.00850790917722133
0.0074668764301693
-0.00779329024548181
0.00649775541286912
0.0170181152719033
-0.0303837362676944
-0.0185497301872517
-0.0326226863617438
-0.0170700586801158
0.0321543433661136
-0.00204359855514502
0.0381317304181428
-0.00526490469983276
-0.0250550671109839
0.00607084495200816
0.0255610332782084
0.00327225594196889
0.0190908389216986
0.0478745304909336
0.00669917569936107
0.0189398762852155
-0.00447742982952715
-0.0626453289056603
-0.00606984928785081
-0.0272832914045313
-0.0583018675254561
0.0592897237158065
0.0195445960729703
0.0336219426962607
0.0154753939529328
0.00184105605852825
-0.0142021528821026
-0.0201011793210872
-0.0514268859981959
-0.0250266697172461
0.0122533868057646
-0.0492300443937577
0.0204016924937802
-0.0463210700458552
0.0351164710329921
0.0181442521234039
0.0446321540207681
-0.0139862419747399
0.00668451686872329
-0.0134140173656632
-0.0122284132476742
0.0149256502166755
-0.0162936394861002
-0.0249493190479488
-0.0299167610379927
-0.0116364949408085
-0.0192029534422709
0.0243105895006157
-0.0416107577198419
0.035771325068283
0.0159771009360141
0.0213835660253232
0.0236944882926684
0.0123204843880407
-0.00614126802208226
-0.0277602836535991
-0.00706217624428662
-0.022940074059512
-0.00800877961080593
0.00437637459979845
-0.00803804108576189
0.0381478425571324
-0.0142249909313472
